fid,iid,rep,vbs_precisions,selector_precision,selector_switch_budget,selector_algorith,static_B50,static_B100,static_B150,static_B200,static_B250,static_B300,static_B350,static_B400,static_B450,static_B500,static_B550,static_B600,static_B650,static_B700,static_B750,static_B800,static_B850,static_B900,static_B950,static_B1000
1,6,0,0.0,0.0,250,Non-elitist,0.0,0.0,0.0,0.0,0.0,0.0,0.0,0.0,0.0,0.0,0.0,0.0,0.0,0.0,0.0,0.0,0.0,0.0,0.0,0.0
1,6,1,0.0,0.0,200,Non-elitist,0.0,0.0,0.0,0.0,0.0,0.0,0.0,0.0,0.0,0.0,0.0,0.0,0.0,0.0,0.0,0.0,0.0,0.0,0.0,0.0
1,6,2,0.0,0.0,250,Non-elitist,0.0,0.0,0.0,0.0,0.0,0.0,0.0,0.0,0.0,0.0,0.0,0.0,0.0,0.0,0.0,0.0,0.0,0.0,0.0,0.0
1,6,3,0.0,0.0,200,MLSL,0.0,0.0,0.0,0.0,0.0,0.0,0.0,0.0,0.0,0.0,0.0,0.0,0.0,0.0,0.0,0.0,0.0,0.0,0.0,0.0
1,6,4,0.0,0.0,150,BFGS,0.0,0.0,0.0,0.0,0.0,0.0,0.0,0.0,0.0,0.0,0.0,0.0,0.0,0.0,0.0,0.0,0.0,0.0,0.0,0.0
1,6,5,0.0,0.0,250,BFGS,0.0,0.0,0.0,0.0,0.0,0.0,0.0,0.0,0.0,0.0,0.0,0.0,0.0,0.0,0.0,0.0,0.0,0.0,0.0,0.0
1,6,6,0.0,0.0,150,DE,0.0,0.0,0.0,0.0,0.0,0.0,0.0,0.0,0.0,0.0,0.0,0.0,0.0,0.0,0.0,0.0,0.0,0.0,0.0,0.0
1,6,7,0.0,0.0,150,Elitist,0.0,0.0,0.0,0.0,0.0,0.0,0.0,0.0,0.0,0.0,0.0,0.0,0.0,0.0,0.0,0.0,0.0,0.0,0.0,0.0
1,6,8,0.0,0.0,150,MLSL,0.0,0.0,0.0,0.0,0.0,0.0,0.0,0.0,0.0,0.0,0.0,0.0,0.0,0.0,0.0,0.0,0.0,0.0,0.0,0.0
1,6,9,0.0,0.0,200,DE,0.0,0.0,0.0,0.0,0.0,0.0,0.0,0.0,0.0,0.0,0.0,0.0,0.0,0.0,0.0,0.0,0.0,0.0,0.0,0.0
1,6,10,0.0,0.0,150,DE,0.0,0.0,0.0,0.0,0.0,0.0,0.0,0.0,0.0,0.0,0.0,0.0,0.0,0.0,0.0,0.0,0.0,0.0,0.0,0.0
1,6,11,0.0,0.0,300,BFGS,0.0,0.0,0.0,0.0,0.0,0.0,0.0,0.0,0.0,0.0,0.0,0.0,0.0,0.0,0.0,0.0,0.0,0.0,0.0,0.0
1,6,12,0.0,0.0,200,DE,0.0,0.0,0.0,0.0,0.0,0.0,0.0,0.0,0.0,0.0,0.0,0.0,0.0,0.0,0.0,0.0,0.0,0.0,0.0,0.0
1,6,13,0.0,0.0,250,Non-elitist,0.0,0.0,0.0,0.0,0.0,0.0,0.0,0.0,0.0,0.0,0.0,0.0,0.0,0.0,0.0,0.0,0.0,0.0,0.0,0.0
1,6,14,0.0,0.0,200,MLSL,0.0,0.0,0.0,0.0,0.0,0.0,0.0,0.0,0.0,0.0,0.0,0.0,0.0,0.0,0.0,0.0,0.0,0.0,0.0,0.0
1,6,15,0.0,0.0,150,MLSL,0.0,0.0,0.0,0.0,0.0,0.0,0.0,0.0,0.0,0.0,0.0,0.0,0.0,0.0,0.0,0.0,0.0,1e-10,0.0,0.0
1,6,16,0.0,0.0,150,DE,0.0,0.0,0.0,0.0,0.0,0.0,0.0,0.0,0.0,0.0,0.0,0.0,0.0,0.0,0.0,0.0,0.0,0.0,0.0,0.0
1,6,17,0.0,0.0,150,Non-elitist,0.0,0.0,0.0,0.0,0.0,0.0,0.0,0.0,0.0,0.0,0.0,0.0,0.0,0.0,0.0,0.0,0.0,0.0,0.0,0.0
1,6,18,0.0,0.0,150,MLSL,0.0,0.0,0.0,0.0,0.0,0.0,0.0,0.0,0.0,0.0,0.0,0.0,0.0,0.0,0.0,0.0,0.0,0.0,0.0,0.0
1,6,19,0.0,0.0,250,DE,0.0,0.0,0.0,0.0,0.0,0.0,0.0,0.0,0.0,0.0,0.0,0.0,0.0,0.0,0.0,0.0,0.0,0.0,0.0,0.0
1,7,0,0.0,0.0,150,MLSL,0.0,0.0,0.0,0.0,0.0,0.0,0.0,0.0,0.0,0.0,0.0,0.0,0.0,0.0,0.0,0.0,0.0,0.0,0.0,0.0
1,7,1,0.0,0.0,200,MLSL,0.0,0.0,0.0,0.0,0.0,0.0,0.0,0.0,0.0,0.0,0.0,0.0,0.0,0.0,0.0,0.0,0.0,0.0,0.0,0.0
1,7,2,0.0,0.0,200,MLSL,0.0,0.0,0.0,0.0,0.0,0.0,0.0,0.0,0.0,0.0,0.0,0.0,0.0,0.0,0.0,0.0,0.0,0.0,0.0,0.0
1,7,3,0.0,0.0,150,MLSL,0.0,0.0,0.0,0.0,0.0,0.0,0.0,0.0,0.0,0.0,0.0,0.0,0.0,0.0,0.0,0.0,0.0,0.0,0.0,0.0
1,7,4,0.0,0.0,200,MLSL,0.0,0.0,0.0,0.0,0.0,0.0,0.0,0.0,0.0,0.0,0.0,0.0,0.0,0.0,0.0,0.0,0.0,0.0,0.0,0.0
1,7,5,0.0,0.0,200,MLSL,0.0,0.0,0.0,0.0,0.0,0.0,0.0,0.0,0.0,0.0,0.0,0.0,0.0,0.0,0.0,0.0,0.0,0.0,0.0,0.0
1,7,6,0.0,0.0,200,MLSL,0.0,0.0,0.0,0.0,0.0,0.0,0.0,0.0,0.0,0.0,0.0,0.0,0.0,0.0,0.0,0.0,0.0,0.0,0.0,0.0
1,7,7,0.0,1e-10,250,DE,0.0,0.0,0.0,0.0,1e-10,0.0,0.0,0.0,0.0,0.0,0.0,0.0,0.0,0.0,0.0,0.0,0.0,0.0,0.0,0.0
1,7,8,0.0,0.0,200,Non-elitist,0.0,0.0,0.0,0.0,0.0,0.0,0.0,0.0,0.0,0.0,0.0,0.0,0.0,0.0,0.0,0.0,0.0,0.0,0.0,0.0
1,7,9,0.0,0.0,250,DE,0.0,0.0,0.0,0.0,0.0,0.0,0.0,0.0,0.0,0.0,0.0,0.0,0.0,0.0,0.0,0.0,0.0,0.0,0.0,0.0
1,7,10,0.0,0.0,200,MLSL,0.0,0.0,0.0,0.0,0.0,0.0,0.0,0.0,0.0,0.0,0.0,0.0,0.0,0.0,0.0,0.0,0.0,0.0,0.0,0.0
1,7,11,0.0,0.0,150,MLSL,0.0,0.0,0.0,0.0,0.0,0.0,0.0,0.0,0.0,0.0,0.0,0.0,0.0,0.0,0.0,0.0,0.0,0.0,0.0,0.0
1,7,12,0.0,0.0,150,MLSL,0.0,0.0,0.0,0.0,0.0,0.0,0.0,0.0,0.0,0.0,0.0,0.0,0.0,0.0,0.0,0.0,4e-10,0.0,0.0,0.0
1,7,13,0.0,0.0,150,MLSL,0.0,0.0,0.0,0.0,0.0,0.0,0.0,0.0,0.0,0.0,0.0,0.0,0.0,0.0,0.0,0.0,0.0,0.0,0.0,0.0
1,7,14,0.0,0.0,250,DE,0.0,0.0,0.0,0.0,0.0,0.0,0.0,0.0,0.0,0.0,0.0,0.0,0.0,0.0,0.0,0.0,0.0,0.0,0.0,0.0
1,7,15,0.0,0.0,250,Non-elitist,0.0,0.0,0.0,0.0,0.0,0.0,0.0,0.0,0.0,0.0,0.0,0.0,0.0,0.0,0.0,0.0,0.0,0.0,0.0,0.0
1,7,16,0.0,0.0,150,MLSL,0.0,0.0,0.0,0.0,0.0,0.0,0.0,0.0,0.0,0.0,0.0,0.0,0.0,0.0,0.0,0.0,0.0,0.0,0.0,0.0
1,7,17,0.0,0.0,150,MLSL,0.0,0.0,0.0,0.0,0.0,0.0,0.0,0.0,0.0,0.0,0.0,0.0,0.0,0.0,0.0,0.0,0.0,0.0,0.0,0.0
1,7,18,0.0,0.0,200,MLSL,0.0,0.0,0.0,0.0,0.0,0.0,0.0,0.0,0.0,0.0,0.0,0.0,0.0,0.0,0.0,0.0,0.0,0.0,0.0,0.0
1,7,19,0.0,0.0,150,Elitist,0.0,0.0,0.0,0.0,0.0,0.0,0.0,0.0,0.0,0.0,0.0,0.0,0.0,0.0,0.0,0.0,0.0,0.0,0.0,0.0
2,6,0,0.0,0.0,100,BFGS,0.0,0.0,1e-10,1e-10,1e-10,0.0,0.0,1e-10,1e-10,1.12e-08,1e-10,2.5431e-06,0.0,3.22639e-05,0.0005376252,2.0646e-06,0.1351757302,1.8505017177,5.6198048118,5.6198048118
2,6,1,0.0,0.0,100,BFGS,1e-10,0.0,1e-10,0.0,0.0,1e-10,1e-10,0.0,1e-10,0.0,1e-10,0.0,0.0,1e-10,6.522e-07,0.0,4.165e-07,0.0001109404,0.2455343996,0.3572416226
2,6,2,0.0,1e-10,50,BFGS,1e-10,0.0,1e-10,0.0,0.0,1e-10,1e-10,1e-10,2e-10,0.0,0.0,0.0,0.0,5.3e-09,0.0086483934,0.2025017995,1.1340372631,1.0106918095,2.5662965061,2.5662965061
2,6,3,0.0,0.0,50,BFGS,0.0,1e-10,0.0,0.0,0.0,0.0,0.0,0.0,1e-10,1e-10,3.2e-09,0.0,0.0,0.0,0.0296989359,1.05082e-05,0.6617805812,1.6014424319,4.0118633056,4.6029356269
2,6,4,0.0,0.0,50,BFGS,0.0,2.46813e-05,1e-10,1e-10,0.0,1e-10,1e-10,0.0,1e-10,1e-10,0.0,3.0865e-05,0.0,9.7e-09,1e-10,7.22e-08,0.0001966679,0.0079105588,0.0213973284,0.0213973284
2,6,5,0.0,0.0,50,BFGS,0.0,0.0,0.0,0.0,0.0,0.0,0.0,0.0,1e-10,0.0,4e-10,0.0,0.0,0.0,0.0024217291,0.0001448342,0.6170838388,0.7235237781,3.1226040585,3.1226040585
2,6,6,0.0,0.0,50,BFGS,0.0,0.0,0.0,0.0,0.0,0.0,1e-10,1e-10,0.0,1e-10,0.0,5.4e-09,1.0732e-06,0.0001384734,7.5885e-06,7.819e-07,1.5663e-06,0.2396127752,10.00875454,23.5787588056
2,6,7,0.0,0.0,50,BFGS,0.0,0.0,0.0,1e-10,1e-10,1e-10,0.0,0.0,0.0,1e-10,0.0,0.0,0.0,6.9e-09,1e-10,0.0,0.0004713633,3.4959002427,4.1450249487,4.1545097805
2,6,8,0.0,1e-10,50,BFGS,1e-10,1e-10,0.0,0.0,1e-10,0.0,1e-10,1e-10,1e-10,0.0,1e-10,0.0,0.0,1e-10,8.951e-07,0.0070081603,0.3171727217,1.87108501,16.466662025,16.1113832755
2,6,9,0.0,1e-10,100,BFGS,0.0,1e-10,1e-10,0.0,0.0,0.0,1e-10,1e-10,1e-10,0.0,1e-10,1e-10,1e-10,0.0,7e-10,1.52e-07,0.0179086834,1.8654023216,4.8467291813,4.9088726058
2,6,10,0.0,0.0,100,BFGS,0.0,0.0,0.0,0.0,1e-10,1e-10,0.0,0.0,0.0,4e-10,0.0,1e-10,0.0,3.972e-07,4.9e-09,1e-10,0.000516446,0.0073410366,0.069873802,0.1611736078
2,6,11,0.0,1e-10,50,BFGS,1e-10,0.0,0.0,0.0,0.0,0.0,0.0,0.0,0.0,1e-10,0.0,0.0,0.0,0.0,1e-10,1e-10,0.0005068399,3.8550767981,9.1679951097,9.1679951097
2,6,12,0.0,1e-10,100,BFGS,1e-10,1e-10,0.0,1e-10,0.0,0.0,0.0,0.0,0.0,0.0,0.0,1.498e-07,7.817e-07,0.0,0.0,0.0028536813,1.4479374046,3.1426053022,2.1321488768,2.2303327544
2,6,13,0.0,1e-10,50,BFGS,1e-10,0.0,0.0,0.0,1e-10,0.0,0.0,0.0,0.0,0.0,0.0,4e-10,0.0,6e-10,0.0021298086,5.6858e-06,1.2468884638,2.7290238701,7.3630352453,7.6744561799
2,6,14,0.0,0.0,50,BFGS,0.0,0.0,1e-10,2e-10,0.0,0.0,1e-10,0.0,0.0,0.0,0.0,0.0,1e-10,0.1126721367,0.0024133825,0.0023201772,12.8761469588,20.5230107277,19.7870191081,19.7870191081
2,6,15,0.0,0.0,50,BFGS,0.0,0.0,0.0,0.0,0.0,1e-10,1e-10,1e-10,0.0,0.0,1.325e-07,0.0,0.0,1e-10,3.7e-09,2.2391e-06,0.0027720582,1.7453438985,2.3010951153,5.7528427984
2,6,16,0.0,1e-10,50,BFGS,1e-10,0.0,0.0,1e-10,0.0,0.0,0.0,0.0,1e-10,0.0,0.0,0.0,1e-10,1e-10,6e-10,2.1e-09,0.0011746043,0.0068138087,0.5731290416,0.7309368425
2,6,17,0.0,0.0,50,BFGS,0.0,0.0,1e-10,0.0,1e-10,0.0,1e-10,0.0,2e-10,0.0,0.0,0.0,0.0,1e-10,0.0,1e-10,2e-09,0.5326904212,0.5631458023,0.5793131392
2,6,18,0.0,1e-10,50,BFGS,1e-10,0.0,1e-10,0.0,0.0,1e-10,0.0,1e-10,1e-10,0.0,1e-10,0.0021774766,1e-10,2.05e-08,1e-09,5.17004e-05,0.0049516898,0.0188094178,0.0376880892,0.0376880892
2,6,19,0.0,3.11252e-05,100,MLSL,0.0,3.11252e-05,0.0,0.0,0.0,0.0,0.0,1e-10,0.0,0.0,0.0,4.7535e-06,0.0,0.0008544836,0.0,4.393e-07,0.1836100291,0.4300148803,2.1403602239,2.144085061
2,7,0,0.0,0.0,50,BFGS,0.0,0.0,0.0,0.0,1e-10,1e-10,0.0,0.0,0.0,0.0,0.0,0.0,1.3501e-06,0.0,0.0002644791,1.3806e-05,0.0136158987,1.1853717659,1.9106158482,0.9009648379
2,7,1,0.0,1e-10,100,BFGS,0.0,1e-10,0.0,0.0,0.0,0.0,0.0,1e-10,0.0,1e-10,0.0,0.0,1e-10,0.0,0.0004271846,0.0567253326,0.0009314972,2.1946635613,2.2742297751,2.6904312351
2,7,2,0.0,0.0,50,BFGS,0.0,1e-10,1e-10,0.0,1e-10,0.0,1e-10,0.0,0.0,0.0,1e-10,0.0,0.0,2.6646e-05,0.0,0.0109237861,0.1438591629,1.1109267487,5.95695641,7.6146024147
2,7,3,0.0,1e-10,50,BFGS,1e-10,0.0,1e-10,0.0,0.0,0.0,0.0,0.0,0.0,1e-10,6.3e-09,2e-10,0.0,1.6663e-06,2e-10,0.0011036286,0.0001868101,0.246452373,0.4953334658,0.1499444034
2,7,4,0.0,1e-10,50,BFGS,1e-10,0.0,0.0,0.0,1e-10,0.0,0.0,0.0,0.0,1e-10,0.0,0.0,0.0,0.0,1e-10,0.0,0.0009960023,0.013047426,0.0849797759,0.0849797759
2,7,5,0.0,0.0,50,BFGS,0.0,0.0,0.0,0.0,1e-10,1e-10,1e-10,1e-10,0.0,0.0,0.0,0.0,0.0,7.9e-09,4.5e-09,0.0520556095,0.001383134,9.0810509461,45.2593574403,56.793943855
2,7,6,0.0,0.0,50,BFGS,0.0,1e-10,0.0,0.0,1e-10,0.0,0.0,0.0,0.0,1e-10,0.0,1e-10,0.0,1.1458e-06,0.0,4e-10,0.0008284385,0.039244151,16.9184868571,16.9184868571
2,7,7,0.0,1e-10,50,BFGS,1e-10,0.0,0.0,0.0,1e-10,0.0,0.0,1e-10,0.0,1e-10,1e-10,0.0,0.0,0.0,1.3e-09,2.4175e-06,0.5146915863,3.5482699725,11.5473803377,7.6551415245
2,7,8,0.0,1e-10,100,BFGS,0.0,1e-10,1e-10,0.0,0.0,1e-10,0.0,0.0,0.0,0.0,1e-10,1e-10,0.0,0.0,0.0,0.0001659058,3.2988e-06,0.0116420725,4.1932642611,8.3653348193
2,7,9,0.0,0.0,50,BFGS,0.0,0.0,1e-10,0.0,0.0,0.0,0.0,0.0,0.0,0.0,0.0,0.0,8.68e-08,0.0,4.62652e-05,0.137439055,3.80241e-05,2.0813675521,9.3405992384,9.3372305576
2,7,10,0.0,0.0,50,BFGS,0.0,1e-10,1e-10,1e-10,1e-10,0.0,0.0,1e-10,1e-10,1.11e-08,1e-10,2.08538e-05,2.446e-07,5.792e-07,1e-10,0.0002164516,0.1257428527,0.5908012662,2.0481794586,2.014248155
2,7,11,0.0,5.3782e-06,100,MLSL,0.0,5.3782e-06,0.0,0.0,0.0,0.0,0.0,1e-10,0.0,0.0,0.0,0.0,1e-10,1.4482e-06,0.0,1e-10,1e-10,0.0035777299,4.2949992963,6.3461817418
2,7,12,0.0,1e-10,50,BFGS,1e-10,0.0,1e-10,1e-10,0.0,0.0,0.0,0.0,0.0,1e-10,0.0,1e-10,0.0,1e-10,0.0,0.0,0.0096649484,0.0033625468,0.3904856243,0.3953016718
2,7,13,0.0,1e-10,50,BFGS,1e-10,5.3782e-06,0.0,1e-10,1e-10,0.0,0.0,0.0,1e-10,1.498e-06,5.56994e-05,2.231e-07,2.5e-09,1e-10,2.34e-08,3.63337e-05,0.0010494131,0.019394739,0.1840251374,0.185526907
2,7,14,0.0,0.0,50,BFGS,0.0,0.0,0.0,0.0,0.0,0.0,1e-10,0.0,1e-10,1e-10,0.0,2.76e-08,1e-10,0.0047966494,0.1466890638,0.4915201634,0.6627564528,2.3680344193,7.6934543,7.7862874509
2,7,15,0.0,0.0,50,BFGS,0.0,0.0,0.0,0.0,0.0,0.0,0.0,1e-10,0.0,0.0,1e-10,1e-10,0.0,4e-09,1e-10,0.0030186558,0.0010905841,0.9474284039,1.9809535741,2.0065598025
2,7,16,0.0,0.0,50,BFGS,0.0,1e-10,1e-10,0.0,0.0,0.0,0.0,2.9e-09,1e-10,6e-09,1.733e-07,1e-10,6.6e-09,1.38e-08,9.96971e-05,6.1980717414,0.2611327715,9.2665096553,56.5826176349,62.0630897206
2,7,17,0.0,5.3782e-06,100,MLSL,1e-10,5.3782e-06,0.0,0.0,1e-10,1e-10,1e-10,0.0,1e-10,0.0,0.0,0.0,2e-10,0.0001765659,0.000448833,1e-10,5.898e-06,0.0048211446,0.0136997348,0.0048211446
2,7,18,0.0,0.0,50,BFGS,0.0,0.0,0.0,0.0,0.0,0.0,0.0,1e-10,2.2e-09,0.0,1.9e-09,0.0,3.879e-07,1e-10,2e-10,0.0,0.0023122085,0.907034029,0.7280765118,1.3732742884
2,7,19,0.0,1e-10,50,BFGS,1e-10,0.0,0.0,0.0,1e-10,0.0,0.0,1e-10,0.0,7.078e-07,1.69e-08,0.0,4.50708e-05,1.67e-08,6.27568e-05,1.91112e-05,0.0537583848,0.2241991633,0.5350750673,0.5350750673
3,6,0,1.9899181142,4.9747952857,350,Non-elitist,4.9747952857,4.9747952857,4.9747903029,4.9747952855,4.9747952857,4.9747952857,4.9747952857,4.9747952865,4.9747952857,4.9747952855,3.9808388706,3.9798753171,3.9798614819,3.9798437799,4.9747952857,4.9747952855,4.974795294,4.9747952855,4.9747952855,4.9747952857
3,6,1,1.9899181142,4.9747952858,350,Non-elitist,4.9747952858,4.9747952858,4.9747952858,4.9747952858,4.9747952855,4.9760637744,4.9747952858,4.4511305151,4.9747952855,3.9803059697,3.9799105076,3.9798862731,3.9798567016,4.9747952855,4.9747956411,4.9747952858,4.9747952855,4.9747952879,4.974795286,4.9747952858
3,6,2,1.996522052,3.9851617799,350,PSO,3.9798362332,3.9798362332,1.996522052,3.9798362332,3.9798362284,3.9861304757,3.9851617799,3.9798362332,3.1633166651,3.9798362332,3.9798362298,3.9798362301,2.985478115,2.985083036,3.9798362904,3.9798760152,3.9798362329,3.9798362284,3.9798362991,3.9798362332
3,6,3,2.9848771713,2.985476205,350,PSO,2.9848771765,2.9848771765,2.9848771765,14.9915199389,6.9657487698,6.966853477,2.985476205,2.9872191085,2.9848771765,3.0000274128,2.9848771765,3.0049299421,2.9883323022,2.9859795225,2.984877175,2.9849123811,2.9848771713,2.9848772477,2.9848771765,2.9848771765
3,6,4,2.9898214615,9.0201776292,300,PSO,10.9445193982,10.9445193982,10.9445193982,10.9445193982,9.9495603009,9.0201776292,9.9780022754,10.9445193982,10.9445193557,10.9584240026,10.9445193982,10.9445193557,10.9445193557,10.945654797,10.9445193557,10.944534657,10.9445193741,10.9445193729,10.9445193778,10.9445193982
3,6,5,0.9949590571,2.9913712257,300,PSO,5.9697495655,5.9697495655,5.9697495655,5.9697495655,9.9495804953,2.9913712257,3.9873743861,5.9697493047,5.9697493125,5.9697495655,6.0331110848,5.9697495655,5.9697493047,5.9726290897,5.9697493142,5.9698150402,5.9697493047,5.9697494162,5.9697494624,5.9697495655
3,6,6,2.9848842521,11.9394784129,350,Non-elitist,11.9394784129,11.9394784129,11.9394784129,11.9394784129,11.9394784129,11.9394784129,11.9394784129,11.9394784128,11.9394784888,11.9394784128,11.9394784128,11.9394784128,11.9394784128,11.9394791142,11.9394784128,11.9394784128,11.9394784129,11.9394784129,11.9394784142,11.9394784129
3,6,7,0.9949590571,1.9899181145,350,Non-elitist,1.9899181145,1.9899181145,4.9747952855,1.9899181145,0.9964084705,1.9899181145,1.9899181145,1.9909991137,1.9979798691,1.9899181142,1.9899181145,1.990203368,1.9899449592,1.9899313521,1.9899181142,1.9899181145,1.9899181788,1.9899181142,1.9899181144,1.9899181145
3,6,8,1.0012638552,12.934432432,350,BFGS,12.9344344881,12.9344344881,12.9344344881,12.9344344881,9.9495602986,10.9505548732,12.934432432,12.9344344881,12.934432432,12.944553063,12.934432432,12.9344342095,12.9344344881,12.9344344881,12.9344344881,12.9350871718,12.9345913681,12.9344514885,12.9344326092,12.9344344881
3,6,9,1.9899181142,3.9798362284,350,Non-elitist,3.9798362284,3.9798362284,3.9798362284,2.9851661993,3.9803749671,3.9798362284,3.9798362284,3.9798362284,3.9798362284,3.9812752745,3.9798363451,3.9799231582,3.9798362284,3.9798362284,3.97983665,3.9798362284,3.9798362284,3.9798362296,3.9798362287,3.9798362284
3,6,10,2.447544298,8.9546214382,250,BFGS,2.9848796866,11.9852342387,2.9848796866,2.9848796866,8.9546214382,8.9546214382,8.9546214382,9.9552307992,9.9495806275,2.9848771713,2.9848796866,3.0210013638,2.9848772876,2.9848796866,2.9848771713,2.9848771713,2.9848771713,2.9848771883,2.9848807568,2.9848796866
3,6,11,3.9798362643,23.8789518481,350,Non-elitist,23.8789518481,23.8789518481,23.8789518481,23.8789518481,23.8789518481,15.9229296091,23.8789518481,23.8789518481,23.8789518481,20.9511277427,6.9667685258,7.1468452604,14.9246267529,14.9244973044,23.87895181,23.8789518011,23.878952429,23.8789518078,23.8789518481,23.8789518481
3,6,12,2.9848771722,9.9521754778,300,PSO,13.929411822,6.003412979,6.2697042574,13.929411822,12.9344526288,9.9521754778,9.9495804953,9.9495804953,9.9538002208,13.929411822,13.929411822,10.9534849939,6.9678408293,13.9294117158,13.929411822,13.9294116858,13.9294116858,13.9294117871,13.9294117217,13.929411822
3,6,13,2.9848943136,6.964708362,350,Non-elitist,6.964708362,6.964708362,6.964708362,7.9596680949,7.9600687056,6.964708362,6.964708362,6.964708362,6.9647083618,6.9683432174,6.964708362,6.9647083618,6.9649011136,6.9647520895,6.9647083618,6.9647083621,6.9647084853,6.9647083618,6.9647083642,6.964708362
3,6,14,1.2267954562,3.9798364506,350,DE,2.9848772262,2.9848772262,2.9848772262,2.9848772262,8.9546214382,8.9548895655,3.9798364506,2.9880655056,2.9848772262,2.9848772262,2.9848771901,3.0407658162,2.9848772262,2.985031589,2.984878253,2.9849295087,2.9848771714,2.9848771764,2.9848772884,2.9848772262
3,6,15,0.9949590571,0.9949591098,350,Non-elitist,0.9949591098,0.9949591098,0.9949591098,2.9859256101,3.1493875293,0.9949591098,0.9949591098,1.1200933894,1.0466594779,1.0044913826,0.9949590577,0.9949590571,0.9949590571,0.995250154,0.9949590571,0.9949590571,0.9949614438,0.9949590763,0.9949592022,0.9949591098
3,6,16,0.9984844101,3.9798362284,300,BFGS,3.9798363507,3.9798363507,5.9697493047,3.9798363507,0.9984844101,3.9798362284,3.9852089411,3.9798362284,3.9798362284,3.0349105843,3.9798363507,3.9798363507,3.9798363507,3.9798362284,3.9798362284,3.9802506116,3.9798363507,3.9798364502,3.9798364316,3.9798363507
3,6,17,2.9848779797,6.9647083619,300,Non-elitist,6.9647083619,6.9647083619,6.9647083619,6.9647083619,6.9659727963,6.9647083619,6.9647083619,6.9647084419,6.9647083619,2.9853387625,6.9647083618,2.9849351473,2.9848793679,2.9848779797,6.9647083618,6.9647083619,6.9647083618,6.9647083618,6.9647083621,6.9647083619
3,6,18,3.0971366579,7.9596674189,350,BFGS,20.8940948132,10.4017886834,7.9596674196,7.9596674196,4.9766321355,7.9596674189,7.9596674189,7.9596674189,7.9596674189,7.9596674196,7.9596674196,3.9828545936,7.9596674189,3.9800034491,7.9596674189,7.9596721597,7.9596674198,7.9596674723,7.9596674194,7.9596674196
3,6,19,0.9949600402,1.9899183438,350,DE,1.9899181143,1.9899181143,3.9812621808,1.9899181143,1.9932185146,1.9899181143,1.9899183438,1.9899181276,1.9899181142,1.9899181142,1.9899181143,1.9899181142,1.9899181143,1.9899192104,1.9899181143,1.9899182613,1.9899181143,1.9899181145,1.9899181144,1.9899181143
3,7,0,2.9848858139,5.9697493051,350,Non-elitist,5.9697493051,5.9697493051,5.9697493051,5.9697493051,5.9697493051,5.9697493051,5.9697493051,5.9697493047,5.9697493047,5.9697493047,2.9855025059,5.9697493047,2.9848888407,5.9697493051,5.9697493047,5.9697497483,5.9697493047,5.9697493112,5.9697493049,5.9697493051
3,7,1,3.9798362284,6.9647083618,400,Elitist,6.9647083682,6.9647083682,6.9796885852,6.9647083682,6.9647083682,6.9647083618,6.9647083682,6.9647083618,6.9647083618,6.9647083618,6.9647083618,6.9647083618,6.9647083618,6.9647120998,6.9647083682,6.9647083618,6.9647083619,6.9647083682,6.9647083643,6.9647083682
3,7,2,4.9790962549,12.9344374699,250,BFGS,14.9243531018,14.9243531018,14.9243531018,14.9243531018,12.9344374699,12.9344374699,12.9344374699,12.9350757991,12.9344374699,14.9243505462,14.924350634,14.9243505462,14.9243531018,14.9439069782,14.9243505462,14.9243531018,14.9243505462,14.9243510511,14.9243596393,14.9243531018
3,7,3,1.9899181142,2.9848771713,350,Non-elitist,2.9848771713,2.9848771713,2.9848771713,2.9848771713,2.9851645751,2.9848771713,2.9848771713,2.9848771713,2.9848771713,2.9859313765,2.9848771713,2.9850789975,2.9848966932,2.9848804667,2.984877695,2.9848771713,2.9848771713,2.9848771713,2.984877172,2.9848771713
3,7,4,1.9899181142,4.9747952856,350,Non-elitist,4.9747952856,4.9747952856,4.9764111504,4.9747952856,3.9863034047,4.9747952856,4.9747952856,5.0587352685,4.9747952856,4.9802650962,4.9747952855,4.9749983233,4.9748780826,4.9748077872,4.9747952856,4.974795286,4.9747953053,4.9747952855,4.9747952855,4.9747952856
3,7,5,2.9848771713,6.9647083618,300,BFGS,6.9647083684,6.9647083684,2.9848771713,3.9798362284,3.9798362284,6.9647083618,6.9647083684,3.9915950269,6.9647083861,6.9647083626,6.9647083684,6.9647083684,6.9647083618,6.9647083684,6.9647083618,6.964715935,6.9647083643,6.9647083631,6.9647083684,6.9647083684
3,7,6,5.0553265233,9.9495804953,350,Elitist,8.9546214382,9.1544737063,9.9495804953,9.0210050938,9.9495804953,9.9495804953,9.9495804953,9.9510358173,9.9509473468,9.9497083443,6.9647086929,6.9647101931,6.9647085535,6.9647083933,9.9495804953,9.9495804953,9.9495804965,9.9495804953,9.9495804954,9.9495804953
3,7,7,0.999655381,3.9798311906,400,Elitist,3.9798311916,3.9798311916,3.9798315135,3.9798311906,3.9798311916,3.9798311906,3.9798311916,3.9798311906,3.9798311907,3.9798311916,3.9798311916,3.9798311906,3.9799785757,3.9798473545,3.9798311907,3.9798311906,3.9798311947,3.9798312411,3.9798311913,3.9798311916
3,7,8,1.0047731864,5.9697493047,300,BFGS,5.9697493048,5.9697493048,5.9697493048,5.9697493048,1.9899181142,5.9697493047,5.9697493048,5.9697493047,5.9697493047,5.9697493047,5.9697493047,5.9698817079,5.9697784327,5.9697521498,5.9697493047,5.9697493048,5.9697493048,5.9697493066,5.9697493048,5.9697493048
3,7,9,2.984880042,5.9697493047,350,BFGS,5.9697493048,5.9697493048,5.9697493048,5.9697493048,5.9697493048,5.9697493047,5.9697493047,5.9697493047,5.9697493047,5.9697493047,5.9697493047,5.9698199166,2.984880042,5.9697493048,5.9697494516,5.9697493048,5.9697493048,5.9697493052,5.9697493049,5.9697493048
3,7,10,3.0228879667,9.9495804953,300,BFGS,9.9495805934,9.9495805934,9.9495805934,9.9495805934,5.9697493047,9.9495804953,9.9495804953,9.9495804953,9.9495804953,9.9495804964,9.9508816861,9.949580497,9.9495805934,9.949799955,9.9496624961,9.9496105555,9.949583349,9.9495819092,9.9495805085,9.9495805934
3,7,11,0.9949590571,0.9949590571,350,BFGS,2.9848773677,2.0202138141,2.9848773677,1.9899181142,5.9697493047,0.9949590571,0.9949590571,2.9848771713,2.9848773677,2.9848773677,3.0001205697,3.0214196628,2.984877775,3.0001814165,2.9848773677,2.9848773677,2.9849300148,2.9848831349,2.9848780479,2.9848773677
3,7,12,1.1167931212,5.9725974714,400,PSO,1.9899208519,1.9899208519,1.9899208519,7.9596677155,1.9899208519,3.0266680256,1.9899208519,5.9725974714,1.9937808129,1.9899208519,1.9899208519,1.9899181142,1.9899182977,1.9916793851,1.9899181142,1.9899181142,1.990011935,1.9899190973,1.9899192537,1.9899208519
3,7,13,3.9798376319,6.9647083621,300,Non-elitist,6.9647083621,6.9647083621,6.9647083621,6.9647083621,6.9647083621,6.9647083621,6.964708362,6.9647083621,6.9647083619,6.9647083621,6.9649438019,6.9647083621,6.9647083621,6.9647083618,6.9647083618,6.9647083621,6.9647083618,6.9647083618,6.9647083619,6.9647083621
3,7,14,0.9949590571,1.9899181142,300,BFGS,0.9949590756,0.9949590756,0.9949590756,0.9949590756,2.9848771713,1.9899181142,0.9949590756,0.9949590756,0.9949590756,1.0236095097,0.9949590756,1.0039495088,0.9976427323,0.99495906,0.9949936335,0.9949590756,0.9949590571,0.9949590599,0.9949590756,0.9949590756
3,7,15,1.9899632042,4.9747902476,350,BFGS,4.9747902599,4.9747902599,4.9747902599,2.9851312474,2.9848771713,2.9848771713,4.9747902476,2.0053939449,4.9747902599,4.9747902476,5.0137848709,4.9747902491,4.9751763179,4.9747902476,4.9747902476,4.9747902599,4.9747902476,4.9747902599,4.9747903172,4.9747902599
3,7,16,4.9748911518,7.9596623811,350,BFGS,7.9596623924,7.9596623924,7.9596623924,5.9697493047,7.9613682787,7.9596623924,7.9596623811,7.9596623811,5.011688887,7.9596623924,7.9596623924,7.9596623924,7.9596623924,7.9596623924,7.9596623924,7.9596623811,7.9596623816,7.9596623812,7.9596623865,7.9596623924
3,7,17,1.9899181142,4.9747902476,350,BFGS,1.9899183392,1.9899183392,1.9899183392,1.9899183392,6.9647083618,4.9747902476,4.9747902476,1.9919372415,1.9899181142,1.9899183392,1.9899183392,1.9899181142,1.9899181142,1.9899181142,1.9899183392,1.9899650309,1.9899183392,1.9899181382,1.9899181864,1.9899183392
3,7,18,3.9798311906,9.9495804953,300,BFGS,18.5529378768,18.5529378768,18.5529378768,18.5529378768,9.9495804953,9.9495804953,9.9545877917,18.5529378768,7.3183844691,9.9495804953,9.9571386303,9.9495804953,7.3409208724,10.1338740958,10.992525152,7.9269968262,12.011064585,12.0209953801,13.4246206405,18.5529378768
3,7,19,0.0265568548,0.9949590571,350,BFGS,2.9848773782,2.9848773782,2.9848773782,2.9848773782,0.9949590571,0.9949590571,0.9949590571,2.9848771713,2.9848771713,2.9848773782,2.9848773782,2.9848772819,2.9848773782,2.9848773782,2.9848771713,2.9848771713,2.9849486335,2.9849093209,2.9848773147,2.9848773782
4,6,0,18.9606835764,27.8587222426,250,DE,22.8839521543,30.8435943407,25.8803999288,27.8594396182,27.8587222426,30.8435943387,21.8912428701,21.9305352581,21.9409227383,21.8955751308,21.8904847372,21.889767531,21.8891705339,21.8890510863,30.8435943387,30.8435943387,30.8435953697,30.8435943396,30.8435943548,30.8435943407
4,6,1,3.9906906264,14.9243540675,250,DE,34.8233034298,14.9243506351,7.1899485648,10.3823903198,14.9243540675,14.9243505462,15.3815229749,14.9243506351,14.9642036181,14.9243505462,14.9246980561,14.9245384137,14.9244559959,14.9243990276,14.9243505462,14.9243598191,14.9243506351,14.9243521311,14.9243506351,14.9243506351
4,6,2,6.0440376202,17.9092226798,400,Non-elitist,17.9092226798,17.9092226798,7.5587503364,6.0440376202,16.9142636226,16.9142636226,16.9142636226,17.9092226798,17.9092226797,17.9123274498,17.9093113846,17.9093113846,17.9092551525,17.9092278397,17.9092226797,17.9092226797,17.9092226797,17.9092226797,17.9092226799,17.9092226798
4,6,3,2.9848771715,6.9701119259,350,PSO,7.9596674194,7.9596674194,8.0533477849,7.9596674194,5.9717630527,6.9660119086,6.9701119259,7.9642097268,8.0709210344,5.1160066494,7.9850783404,7.9655570273,7.959667419,7.9597517059,7.9596674218,7.9596693333,7.9596674194,7.9596674541,7.9596674241,7.9596674194
4,6,4,10.3850757289,15.919324765,200,Non-elitist,15.919324765,15.919324765,12.9380595887,15.919324765,12.9802765152,15.919324765,15.9193247622,16.2639911024,15.9887000243,15.9193247622,15.9220050312,15.9197563626,15.9195035475,15.9193647535,15.919324765,15.919324765,15.9193247622,15.9193248147,15.9193247685,15.919324765
4,6,5,4.4809302502,5.9745085388,350,PSO,6.9647227701,6.9647227701,6.9957860475,6.9647227701,6.9666768031,6.9647227701,5.9745085388,6.9647227701,6.9647227701,6.9647227701,6.9647083618,6.9647086383,6.9647083618,6.9647227701,6.9647083618,6.9647227701,6.9647227701,6.9647227701,6.9648007586,6.9647227701
4,6,6,7.9596674189,9.9556181222,350,PSO,9.9495805012,9.9495805012,7.9613863027,9.9495805012,9.9495805012,9.9495804953,9.9556181222,10.0604260243,9.9495805012,9.9495804953,9.9532600277,9.9502318084,9.9496732589,9.9496126522,9.9495842344,9.9495804986,9.9495805012,9.9495804963,9.9495805012,9.9495805012
4,6,7,2.9848771713,11.9394950642,350,Non-elitist,11.9394950642,15.9193096033,11.9394950642,6.9653714739,11.9394950642,2.9924976729,11.9394950642,11.9394950642,11.9486869321,11.9560435507,11.9931893686,12.0228730581,11.9493407914,11.9394950642,11.9408654238,11.9394950642,11.939603462,11.9395387269,11.9395063845,11.9394950642
4,6,8,4.9747952855,4.9747952924,400,Non-elitist,4.9747952924,4.9747952924,4.9747952924,5.5979333603,7.6307059219,7.9615500627,4.9788934752,4.9747952924,4.9747952924,4.9939769997,4.9747953222,4.9793341715,4.9747952855,4.974928315,4.9747952855,4.9747952855,4.9747958856,4.9747952877,4.9747952906,4.9747952924
4,6,9,1.9899181142,5.9697493047,300,BFGS,6.9647083639,6.9647083639,5.2038539072,6.9647083639,1.9899183983,5.9697493047,6.964708363,6.9647084502,7.3602177933,6.964708362,6.9647083625,6.9647083639,6.9651861279,6.9651861279,6.9647083625,6.96470837,6.9647100592,6.9647085359,6.9647083731,6.9647083639
4,6,10,7.0795656081,12.942264526,300,PSO,13.9293914962,13.9293914962,7.0795656081,13.9293914962,13.9293914962,12.942264526,13.9415175689,13.9293925937,13.9293914962,9.3918822114,9.0366821356,13.9293914962,13.9306487488,13.9293914891,13.9293914891,13.9293914891,13.9293914962,13.9293914899,13.9293915029,13.9293914962
4,6,11,7.23935513,8.9555220194,350,PSO,8.954622504,9.9741866067,8.954622504,7.23935513,8.9565709939,10.0367529536,8.9555220194,9.7940036161,8.954622504,8.954622504,8.9546214382,8.9546214382,8.9546218761,8.954622504,8.9546214382,8.9546214382,8.9546214389,8.9546217114,8.9546226232,8.954622504
4,6,12,5.0381124842,5.9757136739,300,PSO,5.9697494438,5.9697494438,5.9697494438,14.925254248,5.0381124842,5.9757136739,6.9647083652,5.9697494438,5.9697494438,5.9748309859,5.9697493047,5.9757759896,5.9718414568,5.9715591864,5.9697493047,5.9697493048,5.969749305,5.9697493401,5.9697494438,5.9697494438
4,6,13,2.9848771713,2.9873022795,300,PSO,5.9697493144,5.9697493144,7.1611358727,5.9697493144,5.0494169273,2.9873022795,2.9892036489,5.9697493144,5.9697493144,5.9697493144,5.9697493144,5.9726415061,5.9714810245,5.9698710407,5.9697493047,5.9697493047,5.9697493047,5.9697493169,5.9697493665,5.9697493144
4,6,14,4.974790964,5.969749407,350,DE,6.9647144753,10.9564249384,21.8902776116,21.8951130174,5.9806828364,6.2722215892,5.969749407,6.9647083618,6.9647144753,6.9674913956,6.9647083618,7.2201050715,7.0022779339,6.9825067319,6.96738131,6.9647083618,6.9647144753,6.9647087149,6.9647153786,6.9647144753
4,6,15,3.010848798,9.9505973529,250,PSO,10.9445395543,10.9445395543,3.0752542908,9.9502285971,9.9505973529,10.9445395543,12.7330705707,11.0492569537,10.9894756513,10.9445395524,10.9445395525,10.9445398207,10.9445395524,10.9447049282,10.9445952357,10.9445395524,10.9445400013,10.9445396013,10.9445395543,10.9445395543
4,6,16,15.0108727705,18.1233250854,250,PSO,21.8889980471,21.8889980471,15.0108727705,21.8889980471,18.1233250854,18.9041211718,24.8757840737,24.8830337,21.8900837598,21.8890182952,21.8889930972,21.8889930972,21.8889930972,21.8889930972,21.8889930972,21.8889937542,21.8889980471,21.8889940683,21.8889980471,21.8889980471
4,6,17,2.9990460835,4.114109971,450,MLSL,3.9798362285,3.9798362285,6.9699436869,4.151430053,7.2824013207,3.9798362285,3.9802025034,3.9807465781,4.114109971,4.0120434586,3.9798362284,3.9803968882,3.9799188992,3.9798489147,3.9798362284,3.9798367293,3.9798362284,3.9798362288,3.9798362284,3.9798362285
4,6,18,3.9798362295,10.9445395524,300,BFGS,27.8586001058,13.9294116858,6.9699707511,7.9596674263,10.9445395524,10.9445395524,7.9596674189,7.9596674189,7.9596674189,7.9596674189,7.9596674189,7.9596674189,7.9596674189,7.9596674201,7.9596674189,7.9596674263,7.9596674189,7.9596674203,7.9596674263,7.9596674263
4,6,19,5.9697494843,8.9546231318,450,Non-elitist,8.9546231318,8.9546231318,11.97523038,8.9546231318,16.9166994258,6.9941155957,6.084214285,9.9495804953,8.9546231318,8.9546231318,8.9546239367,9.121055737,8.9546214382,8.9546214382,8.9546214382,8.9546214382,8.9546214418,8.9546441188,8.9546234575,8.9546231318
4,7,0,5.1140944618,22.9430842934,250,DE,58.7021286337,21.8889930972,22.8839521544,22.8842024263,22.9430842934,22.8839521543,22.8839521543,22.9045214914,22.8839521543,22.8839521543,9.949642568,9.9495825298,9.9495809294,9.9495806335,22.8839521543,22.8839521828,22.8839521544,22.8839521581,22.8839521545,22.8839521544
4,7,1,5.9697493055,9.9495804963,350,Non-elitist,10.9445395524,9.9495804963,9.9495804963,5.9714011018,9.9495804953,9.9495804953,9.9495804963,9.9495804963,9.9495804953,9.9495804953,9.9495804953,5.9697839221,5.9697598137,9.9495804963,9.9495804953,9.9495808375,9.9495805085,9.9495804963,9.9495804963,9.9495804963
4,7,2,5.982911454,9.9495804963,350,Non-elitist,9.9495804963,9.9495804963,9.9495804963,9.9495804963,8.9747187508,9.9495804953,9.9495804963,9.9495804957,9.9495804961,9.9495804953,9.9495804953,9.9495804953,9.9495804953,8.9547788424,9.9495804953,9.9495804953,9.9495804953,9.9495806766,9.9495804956,9.9495804963
4,7,3,7.0804314775,18.9041825084,250,Non-elitist,18.9041825084,18.9041825084,14.9431230338,18.9041825084,18.9041825084,13.9293914891,14.3002357998,7.0804314775,17.9184695312,17.9092226797,18.9041825084,18.9338640594,18.9041817368,18.9041817368,18.9041817368,18.9041825084,18.9041817368,18.9041817368,18.9041818272,18.9041825084
4,7,4,5.9741612818,7.1157286922,300,PSO,9.9495805058,7.0873430702,5.9741612818,7.9092568668,8.1975187538,7.1157286922,9.9495804953,9.9495804953,9.5987329116,9.988667266,9.9495804953,9.9495804953,9.9495804953,9.9495804953,9.9495804953,9.9495805074,9.9495804954,9.9495805058,9.9495805673,9.9495805058
4,7,5,5.9697493072,8.9546214382,300,BFGS,8.9546214619,8.9546214619,8.9593334019,8.9554019889,8.9546214619,8.9546214382,8.9546214619,9.0908766803,9.060660523,8.9546214619,8.9546214382,8.956202984,8.9546214394,8.9546679505,8.9546558271,8.9546214452,8.9546214619,8.9546214459,8.9546215014,8.9546214619
4,7,6,8.9935389096,32.8335074151,350,BFGS,32.8335074679,32.8335074679,32.8335074151,32.8335074679,32.8335074679,32.8335074151,32.8335074151,32.8335074679,32.8335074679,32.8335074151,32.8335074151,32.8335074151,32.8335074199,20.8941042296,32.8335074151,32.8335074151,32.8335083514,32.8335074251,32.833507468,32.8335074679
4,7,7,1.1051152404,13.9294116858,450,BFGS,13.9294116921,13.9294116921,13.9294116921,12.9393582669,13.93207522,13.9298240628,13.9294116921,13.9294116921,13.9294116858,13.9294116858,9.9516522977,9.9497763652,9.9496769014,9.949628554,13.9294116858,13.9294116894,13.9294127197,13.9294116875,13.9294117213,13.9294116921
4,7,8,4.3643695273,6.9647280431,300,Non-elitist,6.9647280431,42.7830069406,6.9647280431,6.9647280431,17.914306418,6.9647280431,8.9568149245,13.9296104972,6.2667069078,6.9647280431,6.9647083618,6.9647083618,6.9647083618,6.9647280431,6.9647083618,6.9647083618,6.964723862,6.9647280431,6.9647426859,6.9647280431
4,7,9,4.9809536754,6.037281962,250,PSO,9.9495804978,4.9809536754,6.9721629049,7.9601232479,6.037281962,6.063093412,12.7662098167,10.0583660228,9.9997307145,9.9908451497,9.9532342606,9.9502614008,9.9496157312,9.9496004097,9.9495804953,9.9495804958,9.9495804978,9.9495805586,9.9495805097,9.9495804978
4,7,10,6.9647083619,7.9596674189,400,BFGS,12.9344374699,13.9294116858,7.9596674197,7.9606362099,7.9596674189,7.9596674189,7.9596674189,7.9596674189,7.9596674189,7.9596674189,7.959667419,7.9596674189,6.9648967683,6.9647272015,7.9596674189,7.9596686824,7.9596674189,7.9596674197,7.9596674236,7.9596674197
4,7,11,7.03513769,9.9495804958,250,Non-elitist,21.8889930972,9.9495804958,7.3313758843,13.0105325526,9.9495804958,9.9495804953,9.9495804953,9.0652100841,9.9495804953,9.9495804953,8.9564856,8.9548014734,8.9546252038,8.9546221723,9.9495810913,9.949580561,9.9495804958,9.9495804957,9.9495804966,9.9495804958
4,7,12,8.0955318331,10.1374831733,350,PSO,30.8435943387,33.8284664722,16.9142838202,13.9294116858,16.9142838202,16.9142838193,10.1374831733,13.4498851349,13.10239092,12.9531541015,12.9395615149,12.9378937833,16.9142838193,12.9345264137,16.9142838193,16.9142838202,16.9142856183,16.914283991,16.9142838194,16.9142838202
4,7,13,4.9748026819,16.9142028496,250,BFGS,17.9092226797,17.9091619066,16.9752602392,16.9142028496,16.9142028496,16.9142028496,16.9142028496,16.9142028496,16.9142028561,16.9142028496,16.91420285,16.9142028496,16.9142028496,4.9748026819,16.9142090127,16.9142028497,16.9142028496,16.9142028508,16.9142028562,16.9142028561
4,7,14,9.9496518539,24.8738652307,250,BFGS,19.8990800208,25.8688242893,14.9262999181,24.8738652307,24.8738652307,24.8738652307,10.7790884973,25.8688242878,26.0206516136,25.8688242878,25.86882429,25.8688242878,25.868824288,25.8688242882,25.8688242878,25.8688242893,25.8688242878,25.8688242893,25.868824298,25.8688242893
4,7,15,6.0394492384,9.9495805013,250,Non-elitist,18.9041817368,9.9495805013,7.9935022981,9.9495805013,9.9495805013,9.9495805013,9.9495805013,10.0883252965,9.9495804953,9.9495804953,9.9495804953,9.9495804953,9.9495804983,9.9495805013,9.9495804953,9.9495804953,9.9495804953,9.9495804991,9.9495805542,9.9495805013
4,7,16,4.9778299503,9.9508070024,350,PSO,9.9495804989,13.971645509,14.924350552,9.9495804989,10.9485308202,9.9519000697,9.9508070024,6.9438722091,6.1536067002,6.0295969006,5.9840492369,9.9495804953,9.9495804953,5.9701006072,9.9495804953,9.9495804953,9.9495804989,9.9495808545,9.949580497,9.9495804989
4,7,17,3.97983861,9.9495805037,250,Non-elitist,9.9495805037,9.9495805037,9.9495805037,6.9652315114,9.9495805037,9.9495804953,9.9495804953,9.3210626504,9.0253125042,9.9495805037,8.9637232923,9.9495804953,9.9495804953,8.9546968895,9.9495906554,9.9495804953,9.9495821874,9.9495805037,9.9495805037,9.9495805037
4,7,18,5.9707981994,6.9647084678,250,Non-elitist,21.8889930972,6.9647084678,8.0068367664,6.9647084678,6.9647084678,6.9647084678,6.9731145732,6.5684987032,6.9647083618,6.9647083618,6.9647083618,6.9647083698,6.9647083618,6.9647083618,6.9647083618,6.9647083618,6.9647084678,6.9647083992,6.9647084678,6.9647084678
4,7,19,4.3409147159,13.9331140767,300,PSO,13.9293915997,4.3409147159,9.9558376432,13.9293915997,8.9564231843,13.9331140767,13.9293914891,19.0016784482,17.7425501616,13.9293914891,13.9293914891,13.9293914891,13.9293914891,13.9293914891,13.9293914916,13.9293914891,13.9293914994,13.9294020285,13.9293924273,13.9293915997
5,6,0,0.0,0.0,50,Elitist,0.0,0.0,0.0,0.0,0.0,0.0,0.0,0.0,0.0,0.0,0.0,0.0,0.0,0.0,0.0,0.0,0.0,0.0,0.0,0.0
5,6,1,0.0,0.0,50,PSO,0.0,0.0,0.0,0.0,0.0,0.0,0.0,0.0,0.0,0.0,0.0,0.0,0.0,0.0,0.0,0.0,0.0,0.0,0.0,0.0
5,6,2,0.0,0.0,50,PSO,0.0,0.0,0.0,0.0,0.0,0.0,0.0,0.0,0.0,0.0,0.0,0.0,0.0,0.0,0.0,0.0,0.0,0.0,0.0,0.0
5,6,3,0.0,0.0,50,Elitist,0.0,0.0,0.0,0.0,0.0,0.0,0.0,0.0,0.0,0.0,0.0,0.0,0.0,0.0,0.0,0.0,0.0,0.0,0.0,0.0
5,6,4,0.0,0.0,50,Elitist,0.0,0.0,0.0,0.0,0.0,0.0,0.0,0.0,0.0,0.0,0.0,0.0,0.0,0.0,0.0,0.0,0.0,0.0,0.0,0.0
5,6,5,0.0,0.0,50,Elitist,0.0,0.0,0.0,0.0,0.0,0.0,0.0,0.0,0.0,0.0,0.0,0.0,0.0,0.0,0.0,0.0,0.0,0.0,0.0,0.0
5,6,6,0.0,0.0,50,Non-elitist,0.0,0.0,0.0,0.0,0.0,0.0,0.0,0.0,0.0,0.0,0.0,0.0,0.0,0.0,0.0,0.0,0.0,0.0,0.0,0.0
5,6,7,0.0,0.0,50,Elitist,0.0,0.0,0.0,0.0,0.0,0.0,0.0,0.0,0.0,0.0,0.0,0.0,0.0,0.0,0.0,0.0,0.0,0.0,0.0,0.0
5,6,8,0.0,0.0,50,Non-elitist,0.0,0.0,0.0,0.0,0.0,0.0,0.0,0.0,0.0,0.0,0.0,0.0,0.0,0.0,0.0,0.0,0.0,0.0,0.0,0.0
5,6,9,0.0,0.0,50,Elitist,0.0,0.0,0.0,0.0,0.0,0.0,0.0,0.0,0.0,0.0,0.0,0.0,0.0,0.0,0.0,0.0,0.0,0.0,0.0,0.0
5,6,10,0.0,0.0,50,Elitist,0.0,0.0,0.0,0.0,0.0,0.0,0.0,0.0,0.0,0.0,0.0,0.0,0.0,0.0,0.0,0.0,0.0,0.0,0.0,0.0
5,6,11,0.0,0.0,50,PSO,0.0,0.0,0.0,0.0,0.0,0.0,0.0,0.0,0.0,0.0,0.0,0.0,0.0,0.0,0.0,0.0,0.0,0.0,0.0,0.0
5,6,12,0.0,0.0,50,Elitist,0.0,0.0,0.0,0.0,0.0,0.0,0.0,0.0,0.0,0.0,0.0,0.0,0.0,0.0,0.0,0.0,0.0,0.0,0.0,0.0
5,6,13,0.0,0.0,50,Elitist,0.0,0.0,0.0,0.0,0.0,0.0,0.0,0.0,0.0,0.0,0.0,0.0,0.0,0.0,0.0,0.0,0.0,0.0,0.0,0.0
5,6,14,0.0,0.0,50,PSO,0.0,0.0,0.0,0.0,0.0,0.0,0.0,0.0,0.0,0.0,0.0,0.0,0.0,0.0,0.0,0.0,0.0,0.0,0.0,0.0
5,6,15,0.0,0.0,50,Elitist,0.0,0.0,0.0,0.0,0.0,0.0,0.0,0.0,0.0,0.0,0.0,0.0,0.0,0.0,0.0,0.0,0.0,0.0,0.0,0.0
5,6,16,0.0,0.0,50,Elitist,0.0,0.0,0.0,0.0,0.0,0.0,0.0,0.0,0.0,0.0,0.0,0.0,0.0,0.0,0.0,0.0,0.0,0.0,0.0,0.0
5,6,17,0.0,0.0,50,Elitist,0.0,0.0,0.0,0.0,0.0,0.0,0.0,0.0,0.0,0.0,0.0,0.0,0.0,0.0,0.0,0.0,0.0,0.0,0.0,0.0
5,6,18,0.0,0.0,50,Non-elitist,0.0,0.0,0.0,0.0,0.0,0.0,0.0,0.0,0.0,0.0,0.0,0.0,0.0,0.0,0.0,0.0,0.0,0.0,0.0,0.0
5,6,19,0.0,0.0,50,Elitist,0.0,0.0,0.0,0.0,0.0,0.0,0.0,0.0,0.0,0.0,0.0,0.0,0.0,0.0,0.0,0.0,0.0,0.0,0.0,0.0
5,7,0,0.0,0.0,50,Elitist,0.0,0.0,0.0,0.0,0.0,0.0,0.0,0.0,0.0,0.0,0.0,5.96086e-05,0.0,0.0,0.0009012551,0.0,2.6044600693,2.6044600693,2.5461250737,2.6044600693
5,7,1,0.0,0.0,50,PSO,0.0,0.0,0.0,0.0,0.0,0.0,0.0,0.0,0.0,0.0,0.0,0.0,0.0,0.0,0.0,0.0,0.0,0.0,0.0,0.0
5,7,2,0.0,0.0,50,Elitist,0.0,0.0,0.0,0.0,0.0,0.0,0.0,0.0,0.0,0.0,0.0,0.0,0.0,0.0,0.0,0.0,0.0,0.0,0.0,0.0
5,7,3,0.0,0.0,50,Elitist,0.0,0.0,0.0,0.0,0.0,0.0,0.0,0.0,0.0,0.0,0.0,0.0,0.0,0.0,0.0,0.0,0.0,0.0,0.0,0.0
5,7,4,0.0,0.0,50,Elitist,0.0,0.0,0.0,0.0,0.0,0.0,0.0,0.0,0.0,0.0,0.0,0.0,0.0,0.0,0.0,0.0,0.0,0.0,0.0,0.0
5,7,5,0.0,0.0,50,Elitist,0.0,0.0,0.0,0.0,0.0,0.0,0.0,0.0,0.0,0.0,0.0,0.0,0.0,0.0,0.0,0.0,0.0,0.0,0.0,0.0
5,7,6,0.0,0.0,50,Elitist,0.0,0.0,0.0,0.0,0.0,0.0,0.0,0.0,0.0,0.0,0.0,0.0,0.0,0.0,0.0,0.0,0.0,0.0,0.0,0.0
5,7,7,0.0,0.0,50,Elitist,0.0,0.0,0.0,0.0,0.0,0.0,0.0,0.0,0.0,0.0,0.0,0.0,0.0,0.0,0.0,0.0,0.0,0.0,0.0,0.0
5,7,8,0.0,0.0,50,Elitist,0.0,0.0,0.0,0.0,0.0,0.0,0.0,0.0,0.0,0.0,0.0,0.0,0.0,0.0,0.0,0.0,0.0,0.0,0.0,0.0
5,7,9,0.0,0.0,50,Elitist,0.0,0.0,0.0,0.0,0.0,0.0,0.0,0.0,0.0,0.0,0.0,0.0,0.0,0.0,0.0,0.0,0.0,0.0,0.0,0.0
5,7,10,0.0,0.0,50,Non-elitist,0.0,0.0,0.0,0.0,0.0,0.0,0.0,0.0,0.0,0.0,0.0,0.0,0.0,0.0,0.0,0.0,0.0,0.0,0.0,0.0
5,7,11,0.0,0.0,50,Elitist,0.0,0.0,0.0,0.0,0.0,0.0,0.0,0.0,0.0,0.0,0.0,0.0,0.0,0.0,0.0,0.0,0.0,0.0,0.0,0.0
5,7,12,0.0,0.0,50,Elitist,0.0,0.0,0.0,0.0,0.0,0.0,0.0,0.0,0.0,0.0,0.0,0.0,0.0,0.0,0.0,0.0,0.0,0.0,0.0,0.0
5,7,13,0.0,0.0,50,Non-elitist,0.0,0.0,0.0,0.0,0.0,0.0,0.0,0.0,0.0,0.0,0.0,0.0,0.0,0.0,0.0,0.0,0.0,0.0,0.0,0.0
5,7,14,0.0,0.0,50,Elitist,0.0,0.0,0.0,0.0,0.0,0.0,0.0,0.0,0.0,0.0,0.0,0.0,0.0,0.0,0.0,0.0,0.0,0.0,0.0,0.0
5,7,15,0.0,0.0,50,Elitist,0.0,0.0,0.0,0.0,0.0,0.0,0.0,0.0,0.0,0.0,0.0,0.0,0.0,0.0,0.0,0.0,0.0,0.0,0.0,0.0
5,7,16,0.0,0.0,50,Elitist,0.0,0.0,0.0,0.0,0.0,0.0,0.0,0.0,0.0,0.0,0.0,0.0,0.0,0.0,0.0,0.0,0.0,0.0,0.0,0.0
5,7,17,0.0,0.0,50,Elitist,0.0,0.0,0.0,0.0,0.0,0.0,0.0,0.0,0.0,0.0,0.0,0.0,0.0,0.0,0.0,0.0,0.0,0.0,0.0,0.0
5,7,18,0.0,0.0,50,Elitist,0.0,0.0,0.0,0.0,0.0,0.0,0.0,0.0,0.0,0.0,0.0,0.0,0.0,0.0,0.0,0.0,0.0,0.0,0.0,0.0
5,7,19,0.0,0.0,50,Elitist,0.0,0.0,0.0,0.0,0.0,0.0,0.0,0.0,0.0,0.0,0.0,0.0,0.0,0.0,0.0,0.0,0.0,0.0,0.0,0.0
6,6,0,3.1e-09,3.02e-08,200,BFGS,0.0045386337,3.1e-09,8e-09,3.02e-08,1.65041e-05,0.0086143061,1.65041e-05,9.8071e-06,0.0002591111,0.0001567987,1.65041e-05,5.48813e-05,8.0405e-06,1.1907e-05,1.29866e-05,1.65041e-05,1.40901e-05,1.65041e-05,1.99759e-05,1.65041e-05
6,6,1,1.08e-08,1.08e-08,200,BFGS,2.5941e-06,1.3958e-06,1.149e-07,1.08e-08,5.3723e-06,4.199e-07,5.68926e-05,0.0005656995,3.1696e-06,5.68926e-05,5.68926e-05,5.68926e-05,1.37026e-05,2.30346e-05,6.95662e-05,8.2766e-06,0.0001229454,6.36383e-05,4.96266e-05,5.68926e-05
6,6,2,6e-10,2.151e-07,200,BFGS,1.73e-07,1.905e-07,6e-10,2.151e-07,1.007e-07,2.0649e-06,0.0001970767,0.0001163794,0.0001003227,0.0173710264,3.46025e-05,0.0001169959,0.0001003227,0.0001429154,3.9517e-05,0.0001003227,7.7772e-05,0.000118609,8.3885e-05,0.0001003227
6,6,3,1.06e-08,3.1008e-06,200,BFGS,5.41e-08,0.0001006241,3.3147e-06,3.1008e-06,0.0001178453,2.72656e-05,0.0175653286,0.0001909209,0.0001909209,0.0437655838,1.07611e-05,0.0024913909,0.0080131905,0.0004116099,6.04806e-05,0.0002735636,7.86291e-05,7.07777e-05,0.0001909209,0.0001909209
6,6,4,1.8e-09,5.48789e-05,250,BFGS,1.7211e-06,1.8e-09,0.0001181798,0.0001528663,5.48789e-05,3.09147e-05,3.09147e-05,3.09147e-05,3.09147e-05,3.29018e-05,2.9217e-06,2.264e-06,3.09147e-05,3.09147e-05,3.9544e-06,4.66845e-05,8.02422e-05,3.6761e-06,7.29258e-05,3.09147e-05
6,6,5,5.9e-09,8.4885e-06,200,BFGS,5.9e-09,1.81e-08,5.186e-07,8.4885e-06,7.985e-06,0.0001118054,2.3146e-06,2.2175e-06,8.76e-08,1.56875e-05,1.56875e-05,9.7676e-06,3.04843e-05,5.9238e-06,1.56875e-05,1.57576e-05,1.56875e-05,1.21669e-05,1.5747e-05,1.56875e-05
6,6,6,3.2e-09,3.2e-09,200,BFGS,5.53e-08,4.797e-07,9.74e-08,3.2e-09,4.683e-07,2.03e-08,0.0001446307,0.0001446307,2.83602e-05,0.0001446307,0.0002781111,0.0002215741,0.0008743093,9.3545e-06,0.0001446307,9.04693e-05,1.58608e-05,7.1508e-06,8.48697e-05,0.0001446307
6,6,7,4e-10,8.6314e-06,200,BFGS,1.7033e-06,9.543e-07,4e-10,8.6314e-06,0.0005190141,8.1395e-06,3.75727e-05,0.0002706502,3.75727e-05,3.7463e-06,3.5975e-06,0.0002499847,1.52431e-05,3.2668e-06,3.75727e-05,3.75727e-05,4.43924e-05,1.57392e-05,3.19691e-05,3.75727e-05
6,6,8,1.03e-07,5.17882e-05,250,Non-elitist,0.0001981427,5.17882e-05,5.164e-07,3.9247e-06,5.17882e-05,0.0010537182,5.17882e-05,5.17882e-05,5.17882e-05,5.17882e-05,1.274e-07,3.5528e-06,5.17882e-05,4.6326e-06,3.15114e-05,1.45444e-05,1.57607e-05,5.17882e-05,2.25259e-05,5.17882e-05
6,6,9,3.3e-08,2.98558e-05,200,BFGS,1.73692e-05,2.908e-06,2.702e-07,2.98558e-05,1.055e-07,3.614e-06,5.732e-07,2.209e-07,2.908e-06,2.908e-06,1.2614e-06,2.908e-06,1.628e-06,1.856e-07,2.908e-06,1.1447e-06,5.606e-07,4.9741e-06,1.739e-06,2.908e-06
6,6,10,1e-09,6.2e-09,200,BFGS,1.7202e-06,5.4e-09,1.876e-06,6.2e-09,2.9472e-06,2.12887e-05,2.12887e-05,2.12887e-05,2.12887e-05,5.489e-07,3.515e-07,3.0997e-06,1.4279e-06,2.12887e-05,8.693e-07,5.72365e-05,2.12887e-05,3.30267e-05,2.12887e-05,2.12887e-05
6,6,11,6.06e-08,3.6631e-06,250,BFGS,2.304e-07,1.60569e-05,6.06e-08,1.191e-07,3.6631e-06,7.42893e-05,1.89808e-05,1.6324e-06,6.91375e-05,4.296e-07,1.7676e-06,4.17251e-05,7.7284e-06,9.349e-07,6.91375e-05,0.0001091149,0.0001829329,2.84851e-05,0.0001325936,6.91375e-05
6,6,12,2.99e-08,2.99e-08,200,BFGS,2.3621e-06,2.014e-07,1.5398e-06,2.99e-08,1.736e-06,2.21779e-05,1.61312e-05,8.41364e-05,9.4465e-05,9.5703e-06,1.5398e-06,1.4028e-06,5.10799e-05,4.67465e-05,1.5398e-06,1.5398e-06,8.6723e-06,8.6723e-06,2.7406e-06,1.5398e-06
6,6,13,5.43e-08,5.43e-08,200,BFGS,0.0013814709,1.9377e-06,9.108e-07,5.43e-08,1.968e-06,1.0425e-06,8.7428e-06,1.751e-07,8.7428e-06,8.7428e-06,8.7428e-06,8.6073e-06,8.7428e-06,0.0025007415,8.5029e-06,7.014e-07,6.55437e-05,8.7428e-06,1.8637e-05,8.7428e-06
6,6,14,7.4e-09,2.3877e-06,200,BFGS,7.4e-09,2.999e-06,1.4195e-06,2.3877e-06,1.2e-08,9.01738e-05,9.01738e-05,9.01738e-05,5.0782e-06,9.01738e-05,6.761e-07,7.757e-07,0.0001639722,1.53921e-05,3.54155e-05,5.62862e-05,2.19437e-05,9.01738e-05,0.0001105426,9.01738e-05
6,6,15,5.8e-09,1.23e-08,200,BFGS,3.61e-08,5.37e-08,5.8e-09,1.23e-08,0.0001454141,5.59498e-05,0.0014618976,0.0010460076,0.0044954519,5.72e-07,5.59498e-05,5.59498e-05,5.59498e-05,5.59498e-05,0.009067045,0.0001296632,0.0013620363,0.0005157826,0.0002220106,5.59498e-05
6,6,16,3e-10,0.0001370252,200,BFGS,7.235e-06,0.0002722553,3e-10,0.0001370252,5.73308e-05,2.395e-07,0.0005295261,0.0023653506,3.80598e-05,0.0002371486,4.15821e-05,0.0006999671,0.0014496425,0.0152388662,0.0046407375,0.0026223688,0.0016225699,0.0010662193,0.0025022796,0.0014496425
6,6,17,6.1e-09,1.89e-08,150,BFGS,3.864e-07,6.1e-09,1.89e-08,1.15e-08,2.84e-08,3.24205e-05,3.24205e-05,7.747e-07,2.895e-06,3.24205e-05,9.6416e-06,3.3498e-06,9.608e-07,1.03447e-05,1.824e-06,3.24205e-05,5.0125e-06,1.02071e-05,3.24205e-05,3.24205e-05
6,6,18,1.12e-08,1.8999e-06,150,BFGS,2.8153e-06,1.283e-07,1.8999e-06,1.5665e-06,8.0789e-06,2.45369e-05,1.94653e-05,1.853e-07,3.825e-07,1.94653e-05,1.94653e-05,2.972e-06,5.0859e-06,1.7734e-06,4.226e-07,1.94653e-05,1.94653e-05,1.94653e-05,2.98415e-05,1.94653e-05
6,6,19,1.007e-07,1.043e-07,200,BFGS,2.66137e-05,1.007e-07,2.6554e-06,1.043e-07,1.7179e-06,0.0002710583,0.0002710583,0.0002710583,0.0002710583,3.23086e-05,1.2624e-06,0.0002710583,8.21942e-05,0.0002710583,0.0002710583,0.0025017005,0.0002710583,0.0003232752,0.0002710583,0.0002710583
6,7,0,1.805e-07,6.3635e-06,250,BFGS,0.0155729352,0.000148343,1.805e-07,1.3509e-06,6.3635e-06,0.0023427576,0.0002758029,0.0013087058,0.0006007328,0.0013087058,0.0013087058,3.4238e-06,0.0005404161,0.0001650726,1.50456e-05,8.67459e-05,0.0006456715,0.0013087058,0.0013087058,0.0013087058
6,7,1,1.16e-08,0.0011321018,200,BFGS,0.0004535085,5.3e-08,1.16e-08,0.0011321018,9.18616e-05,0.0001420617,0.00010055,3.0089e-06,7.0153e-06,4.6541e-06,4.6541e-06,4.6541e-06,4.6541e-06,4.471e-07,3.6592e-06,1.51443e-05,2.7859e-06,4.6541e-06,1.49478e-05,4.6541e-06
6,7,2,5.9e-09,8.49e-08,200,BFGS,2.07828e-05,5.9e-09,1.093e-07,8.49e-08,8.53e-08,5.88721e-05,6.54269e-05,6.54269e-05,6.54269e-05,0.0008052297,0.0001371717,6.54269e-05,6.54269e-05,8.13489e-05,6.54269e-05,0.0046500106,6.54269e-05,6.54269e-05,8.09423e-05,6.54269e-05
6,7,3,1e-10,1e-10,200,BFGS,1.79e-08,0.000232892,1.659e-06,1e-10,1.88e-08,6.25292e-05,4.00985e-05,4.00985e-05,4.034e-07,4.00985e-05,4.973e-07,4.00985e-05,1.26706e-05,4.00985e-05,4.00985e-05,4.00985e-05,2.92287e-05,4.00985e-05,5.98454e-05,4.00985e-05
6,7,4,0.0,1.6978e-06,200,BFGS,0.006316971,0.0,0.0123116587,1.6978e-06,1.0681e-06,0.0001448586,0.0149060161,2.94334e-05,2.94334e-05,1.29992e-05,2.94334e-05,0.0005337996,5.52327e-05,6.9392e-06,7.1991e-06,2.94334e-05,6.9593e-06,2.94334e-05,2.94334e-05,2.94334e-05
6,7,5,6.07e-08,2.339e-07,200,BFGS,0.0001277529,0.000508363,1.539e-07,2.339e-07,0.0087831341,0.0008314749,3.19369e-05,3.19369e-05,3.19369e-05,3.19369e-05,2.6988e-06,5.396e-07,3.19369e-05,8.9386e-06,3.19369e-05,3.19369e-05,3.19369e-05,1.69868e-05,3.19369e-05,3.19369e-05
6,7,6,1e-10,1.978e-07,150,BFGS,1e-10,1.07e-08,1.978e-07,1.14e-08,1.938e-07,2.53e-08,5.5e-09,7.3084e-06,4.523e-07,4.312e-06,7.81203e-05,8.64593e-05,2.32273e-05,6.5605e-06,6.5605e-06,3.25298e-05,3.7732e-06,8.4496e-06,3.7916e-06,6.5605e-06
6,7,7,1.1e-09,3.228e-06,200,BFGS,3.6052e-06,5.95705e-05,1.6723e-06,3.228e-06,1.1e-09,1.07e-08,5.95705e-05,4.349e-07,5.95705e-05,5.95705e-05,5.95705e-05,5.4954e-06,5.95705e-05,8.6364e-06,5.95705e-05,5.95705e-05,7.51621e-05,5.1105e-05,7.29633e-05,5.95705e-05
6,7,8,2.961e-07,6.5325e-06,200,BFGS,2.5537e-06,2.961e-07,0.0025164815,6.5325e-06,2.46393e-05,0.0005099934,0.0026765711,0.0026765711,0.0026765711,0.0026765711,0.0026765711,0.0091317359,0.0030775982,0.0001024988,8.31934e-05,0.0026890032,0.0025764414,0.0048242956,0.0046319945,0.0026765711
6,7,9,2.12e-08,1.4679e-06,150,BFGS,2.86e-08,1.6042e-06,1.4679e-06,6.503e-07,6.055e-07,5.2608e-06,0.0002255316,8.2559e-06,0.0152071071,0.0002658775,3.442e-07,3.372e-06,0.0002658775,5.84802e-05,0.0002658775,0.0004110144,0.0001476935,8.85774e-05,0.0002658775,0.0002658775
6,7,10,5.9e-09,9.55244e-05,200,BFGS,6.7704e-06,3.07539e-05,1.88538e-05,9.55244e-05,1.07608e-05,2.71937e-05,1.72812e-05,1.8649e-06,9.3254e-06,9.3254e-06,8.3157e-06,9.3254e-06,9.3254e-06,8.5434e-06,1.9851e-06,7.0991e-06,0.0001407834,7.4465e-06,1.81169e-05,9.3254e-06
6,7,11,1.5e-09,1.01e-07,200,BFGS,0.0137030047,3.12457e-05,1.51e-08,1.01e-07,1.5e-09,0.0046949567,8.4963e-06,9.1696e-05,8.4963e-06,5.56e-08,5.437e-07,8.4963e-06,8.4963e-06,3.0145e-06,8.4963e-06,3.8531e-06,9.743e-07,8.4963e-06,6.3901e-06,8.4963e-06
6,7,12,5e-10,0.0002070827,200,BFGS,0.0687844446,5.43178e-05,1.6343e-06,0.0002070827,0.0018866127,0.0014278144,0.0366721357,3.08714e-05,8.9537e-06,5.43178e-05,0.008656254,0.0012542668,0.0046375837,0.0002096193,0.0008735957,0.000268497,0.0002769923,5.86954e-05,7.96881e-05,5.43178e-05
6,7,13,1.839e-07,0.0001243534,200,BFGS,3.259e-07,1.10909e-05,8.8855e-06,0.0001243534,1.7268e-06,1.9688e-06,0.000209058,1.34196e-05,0.0002441261,0.0002758414,0.0018919485,0.0005635266,0.0002441261,2.79285e-05,5.5323e-06,0.0005462634,0.0001389447,0.0002441261,0.0002690161,0.0002441261
6,7,14,4.98e-08,5.344e-06,200,Non-elitist,0.0002910565,3.7437e-06,4.98e-08,5.344e-06,5.344e-06,0.0003047833,2.83997e-05,5.6239e-06,7.14154e-05,5.344e-06,4.043e-07,5.344e-06,5.344e-06,5.344e-06,5.344e-06,1.74388e-05,5.1107e-06,5.344e-06,1.58613e-05,5.344e-06
6,7,15,2e-10,9.17e-08,200,BFGS,2.6e-09,2e-10,5.99658e-05,9.17e-08,1.0715e-06,5.77677e-05,5.72e-06,1.887e-07,1.7059e-06,3.43558e-05,2.3963e-06,2.3963e-06,9.9484e-06,2.3963e-06,2.3963e-06,3.669e-06,2.4461e-06,2.3963e-06,1.7983e-06,2.3963e-06
6,7,16,3.8e-09,1.37e-08,200,BFGS,6.3e-09,1.6e-08,3.8e-09,1.37e-08,2.611e-06,3.6649e-06,0.0015055083,5.8575e-06,0.0015055083,0.0007105651,0.0015055083,0.0342983516,0.0129042939,0.0001908679,0.0047752153,0.004175824,0.0048140098,0.0031693698,0.0010850146,0.0015055083
6,7,17,6.5e-09,2.145e-07,200,BFGS,0.0007517037,8.95e-08,6.5e-09,2.145e-07,6.04929e-05,0.0007517037,0.0007517037,0.0007517037,0.0007517037,0.0007517037,0.0007517037,0.0007517037,0.0001873322,0.0011042367,0.0027670884,0.0007517037,0.0024804593,0.0007517037,0.000727992,0.0007517037
6,7,18,1e-10,2.1e-09,200,BFGS,0.0001450045,8.454e-06,1e-10,2.1e-09,8.2648e-06,2.977e-07,1.9718e-06,3.141e-07,1.9718e-06,1.9718e-06,1.9718e-06,1.9718e-06,0.0003979464,3.362e-06,1.0718e-06,1.9718e-06,6.393e-07,1.21655e-05,4.0551e-06,1.9718e-06
6,7,19,7e-10,8.099e-07,200,BFGS,8.74611e-05,5.12e-08,7e-10,8.099e-07,2.3887e-06,9.43692e-05,0.0379218902,3.19755e-05,5.413e-07,9.43692e-05,9.43692e-05,9.43692e-05,9.43692e-05,8.80718e-05,9.43692e-05,2.93313e-05,9.43692e-05,0.000147086,0.0001198065,9.43692e-05
7,6,0,0.0105887494,9.7097309259,200,Non-elitist,9.7097309259,9.7097309259,9.7097309259,9.7097309259,9.7097309259,9.7097309259,9.7097309259,6.4486242905,9.7097309259,7.7927010424,9.7097309259,9.7097309259,9.7097309259,9.7097309259,9.7097309259,9.7097309259,9.7097309259,9.7097309259,9.7097309259,9.7097309259
7,6,1,0.0,0.0,300,BFGS,0.0,0.0,0.0,0.0,0.0,0.0,0.0,0.0,0.0,0.0,0.0,0.0,0.0,0.0,0.0,0.0,0.0,0.0,0.0,0.0
7,6,2,0.0,0.7177221999,250,Non-elitist,0.7177221999,0.7177221999,0.7177221999,0.7177221999,0.7177221999,0.7177221999,0.7177221999,0.7177221999,0.7177221999,0.7177221999,0.7177221999,0.7177221999,0.7177221999,0.7177221999,0.7177221999,0.7177221999,0.7177221999,0.7177221999,0.7177221999,0.7177221999
7,6,3,0.0,0.0081037481,350,Non-elitist,0.0081037481,0.0253358384,0.0081037481,0.0081037481,0.0081037481,0.0081037481,0.0081037481,0.0,0.0,0.0081037481,0.0081037481,0.0081037481,0.0081037481,0.0072355755,0.0072355755,0.0,0.0081037481,0.0081037481,0.0081037481,0.0081037481
7,6,4,0.0,0.7177221999,250,Non-elitist,0.7177221999,0.7177221999,0.5983881932,0.7177221999,0.7177221999,0.7177221999,0.7177221999,0.1963826085,0.7177221999,0.7177221999,0.0659209717,0.7177221999,0.7177221999,0.7177221999,0.7177221999,0.7177221999,0.7177221999,0.7177221999,0.7177221999,0.7177221999
7,6,5,0.0,0.0,300,Non-elitist,0.0,0.0072355755,0.0,0.0,0.0,0.0,0.0,0.0136350766,0.0,0.0,0.0081037481,0.0,0.0,0.0,0.0,0.0,0.0,0.0,0.0,0.0
7,6,6,0.0,0.7177221999,200,Non-elitist,47.6379440429,0.7177221999,0.7177221999,0.7177221999,0.7177221999,0.7177221999,0.7177221999,0.7177221999,0.7177221999,0.7177221999,0.7177221999,0.7177221999,0.7177221999,0.7177221999,0.7177221999,0.7177221999,0.7177221999,0.7177221999,0.7177221999,0.7177221999
7,6,7,0.0105887494,2.1848557993,250,Non-elitist,2.1848557993,2.1848557993,2.1848557993,2.1848557993,2.1848557993,1.1590390711,1.1590390711,2.1848557993,0.7177221999,2.1848557993,1.1590390711,2.1848557993,2.1848557993,0.7177221999,2.1848557993,1.1590390711,1.1590390711,2.1848557993,2.1848557993,2.1848557993
7,6,8,0.0105887494,0.2738816169,150,Non-elitist,8.8043688453,0.2738816169,0.2738816169,0.2738816169,0.2738816169,0.2738816169,0.2738816169,0.2738816169,0.2738816169,0.2738816169,0.2738816169,0.2738816169,0.2738816169,0.2738816169,0.2738816169,0.2738816169,0.2738816169,0.2738816169,0.2738816169,0.2738816169
7,6,9,0.0584779813,1.1816778497,250,Non-elitist,1.1816778497,1.1816778497,1.1816778497,1.1816778497,1.1816778497,0.7177221999,0.4640592777,0.7177221999,0.7177221999,0.4547481898,0.7177221999,0.4547481898,1.1590390711,1.1816778497,1.1816778497,1.1816778497,1.1816778497,1.1816778497,1.1816778497,1.1816778497
7,6,10,0.0081037481,1.3635076595,350,Non-elitist,1.3635076595,0.0081037481,1.3635076595,1.3635076595,1.3635076595,1.3635076595,1.3635076595,3.2313541595,1.3635076595,0.2350681791,1.0058092012,1.3635076595,1.3635076595,1.3635076595,1.3635076595,1.3635076595,1.3635076595,1.3635076595,1.3635076595,1.3635076595
7,6,11,0.0119117063,0.7177221999,250,Non-elitist,0.7177221999,0.7177221999,0.7177221999,0.7177221999,0.7177221999,0.7177221999,0.7177221999,0.7177221999,0.7177221999,0.7177221999,0.7177221999,0.7177221999,0.7177221999,0.7177221999,0.7177221999,0.7177221999,0.7177221999,0.7177221999,0.7177221999,0.7177221999
7,6,12,0.0,0.0072355755,350,BFGS,0.0,0.0,0.0,0.0,0.0,0.0,0.0072355755,0.0,0.0,0.0,0.0,0.0,0.0,0.0,0.0,0.0,0.0,0.0,0.0,0.0
7,6,13,0.0136350766,0.7177221999,250,Non-elitist,0.7177221999,0.7177221999,0.7177221999,0.7177221999,0.7177221999,0.7177221999,0.7177221999,0.2738816169,0.7177221999,0.7177221999,0.7177221999,0.7177221999,0.7177221999,0.7177221999,0.7177221999,0.7177221999,0.7177221999,0.7177221999,0.7177221999,0.7177221999
7,6,14,0.0,1.1590390711,250,Non-elitist,54.529797333,1.1590390711,1.1590390711,1.1590390711,1.1590390711,1.1590390711,1.1590390711,1.2059766385,1.1590390711,0.7177221999,1.1590390711,0.7177221999,1.1590390711,1.1590390711,1.1590390711,1.1590390711,1.1590390711,1.1590390711,1.1590390711,1.1590390711
7,6,15,0.2738816169,0.5952487952,250,PSO,17.4971426684,0.9777225458,0.9777225458,0.9777225458,0.5952487952,0.9777225458,0.9777225458,0.9777225458,0.9777225458,0.9777225458,0.9777225458,0.9777225458,0.9777225458,0.9777225458,0.9777225458,0.9777225458,0.9777225458,0.9777225458,0.9777225458,0.9777225458
7,6,16,0.0,0.7177221999,300,Non-elitist,0.7177221999,0.7177221999,0.7177221999,0.7177221999,0.7177221999,0.7177221999,0.7177221999,0.7177221999,0.7177221999,0.7177221999,0.7177221999,0.7177221999,0.7177221999,0.7177221999,0.7177221999,0.7177221999,0.7177221999,0.7177221999,0.7177221999,0.7177221999
7,6,17,0.0,0.3779380588,300,Non-elitist,38.2470399814,6.0827418214,0.3779380588,0.7177221999,1.3587193725,0.3779380588,0.3779380588,0.2786672225,0.2738816169,0.2738816169,0.3779380588,0.2786672225,0.2824158786,0.3779380588,0.3779380588,0.3779380588,0.3779380588,0.3779380588,0.3779380588,0.3779380588
7,6,18,0.0,0.7177221999,300,Non-elitist,0.7177221999,0.7177221999,0.7177221999,0.7177221999,0.7177221999,0.7177221999,0.7177221999,0.7177221999,0.7177221999,0.7177221999,0.7177221999,0.7177221999,0.7177221999,0.7177221999,0.7177221999,0.7177221999,0.7177221999,0.7177221999,0.7177221999,0.7177221999
7,6,19,0.0,2.4274327315,250,Non-elitist,2.4274327315,2.4274327315,2.4274327315,2.4274327315,2.4274327315,2.4274327315,2.4274327315,2.4274327315,2.4274327315,2.4274327315,2.4274327315,2.4274327315,2.4274327315,2.4274327315,2.4274327315,2.4274327315,2.4274327315,2.4274327315,2.4274327315,2.4274327315
7,7,0,0.1397816513,0.6677983428,200,BFGS,0.649829961,0.649829961,0.8929267275,0.6677983428,0.649829961,0.649829961,0.649829961,0.649829961,0.649829961,0.649829961,0.649829961,0.649829961,0.649829961,0.649829961,0.649829961,0.649829961,0.649829961,0.649829961,0.649829961,0.649829961
7,7,1,0.0085905061,0.913502836,200,BFGS,0.913502836,0.913502836,0.913502836,0.913502836,0.913502836,0.5577429083,0.1515532376,0.5577429083,0.5577429083,0.5681123578,0.5577429083,0.5577429083,0.5577429083,0.5681123578,0.5577429083,0.5740349756,0.5577429083,0.5959442388,0.913502836,0.913502836
7,7,2,0.1397816513,0.4209863081,350,BFGS,0.4209863081,0.4209863081,0.4209863081,0.4209863081,0.4209863081,0.4209863081,0.4209863081,0.4209863081,0.4209863081,0.1397816513,0.1681177953,0.1713828495,0.1397816513,0.4209863081,0.1397816513,0.4209863081,0.1718908958,0.4209863081,0.4209863081,0.4209863081
7,7,3,0.0,0.5811295366,300,Non-elitist,0.5811295366,0.5811295366,0.5811295366,0.5811295366,0.5811295366,0.5811295366,0.5811295366,0.5811295366,0.5811295366,0.5811295366,0.5811295366,0.5811295366,0.5811295366,0.5811295366,0.5811295366,0.5811295366,0.5811295366,0.5811295366,0.5811295366,0.5811295366
7,7,4,0.0085905061,1.9031301745,300,Non-elitist,1.9031301745,1.9031301745,1.9031301745,1.9031301745,1.9031301745,1.9031301745,1.9031301745,1.9031301745,1.9031301745,1.9031301745,1.9031301745,1.9031301745,1.9031301745,1.9031301745,1.9031301745,1.9031301745,1.9031301745,1.9031301745,1.9031301745,1.9031301745
7,7,5,0.0161019467,1.2064390463,200,Non-elitist,1.2064390463,1.2064390463,1.2064390463,1.2064390463,1.2064390463,1.2064390463,1.2064390463,1.2064390463,1.2064390463,1.2064390463,1.2064390463,1.2064390463,1.2064390463,1.2064390463,1.2064390463,1.2064390463,1.2064390463,1.2064390463,1.2064390463,1.2064390463
7,7,6,0.1397816513,0.649829961,200,Non-elitist,0.649829961,0.649829961,0.649829961,0.649829961,0.649829961,0.649829961,0.649829961,0.649829961,0.649829961,0.649829961,0.649829961,0.649829961,0.649829961,0.649829961,0.649829961,0.649829961,0.649829961,0.649829961,0.649829961,0.649829961
7,7,7,0.0085905061,0.1463285081,200,Non-elitist,0.1463285081,0.1463285081,0.1463285081,0.1463285081,0.1463285081,0.1463285081,0.1463285081,0.1463285081,0.1397816513,0.0239395268,0.1397816513,0.1397816513,0.1463285081,0.1463285081,0.1463285081,0.1463285081,0.1463285081,0.1463285081,0.1463285081,0.1463285081
7,7,8,0.0,0.0,300,Non-elitist,0.0,0.0,0.0,0.0,0.0,0.0,0.0,0.0,0.0,0.0,0.0,0.0,0.0,0.0,0.0,0.0,0.0,0.0,0.0,0.0
7,7,9,0.0084763138,0.989163542,300,Non-elitist,0.989163542,0.989163542,0.989163542,0.989163542,0.989163542,0.989163542,0.989163542,0.989163542,0.989163542,0.5577429083,0.989163542,0.989163542,0.989163542,0.989163542,0.5740349756,0.989163542,0.6378580196,0.989163542,0.989163542,0.989163542
7,7,10,0.0127090822,0.1397816513,200,Elitist,1.4824456149,1.4824456149,1.4824456149,0.1397816513,0.5815025556,1.4824456149,1.4824456149,0.5811295366,0.5886724504,0.5811295366,0.5811295366,1.4824456149,1.4824456149,0.5815025556,1.4824456149,1.4824456149,1.4824456149,1.4824456149,1.1455622284,1.4824456149
7,7,11,0.0,0.0,200,Non-elitist,0.0,0.0,0.0,0.0,0.0,0.0,0.0,0.0154895407,0.0,0.0,0.0,0.0,0.0,0.0,0.0,0.0,0.0,0.0,0.0,0.0
7,7,12,0.0122649272,0.1700005054,350,Elitist,0.1700005054,0.1700005054,0.1700005054,0.1700005054,0.1700005054,0.1700005054,0.1700005054,0.1700005054,0.1700005054,0.1700005054,0.1432722771,0.1397816513,0.1700005054,0.1432722771,0.1397816513,0.1700005054,0.1432722771,0.1700005054,0.1700005054,0.1700005054
7,7,13,0.0,2.3152950832,250,Non-elitist,2.3152950832,2.3152950832,2.3152950832,2.4278187785,2.3152950832,2.3152950832,2.3152950832,2.3152950832,2.3152950832,2.3152950832,2.3152950832,2.3152950832,2.3152950832,2.3152950832,2.3152950832,2.3152950832,2.3152950832,2.3152950832,2.3152950832,2.3152950832
7,7,14,0.0,0.0,150,Non-elitist,0.0,0.0,0.0,0.0,0.0,0.0,0.0,0.0085905061,0.0085905061,0.0,0.0,0.0,0.0,0.0,0.0,0.0,0.0,0.0,0.0,0.0
7,7,15,0.3216958336,0.6775287074,300,Non-elitist,0.6775287074,2.2028386068,0.6775287074,0.6775287074,0.6775287074,0.6775287074,0.6775287074,0.6775287074,0.649829961,0.6775287074,0.649829961,0.649829961,0.6775287074,0.649829961,0.6775287074,0.6775287074,0.6775287074,0.649829961,0.649829961,0.6775287074
7,7,16,0.0100676099,0.1397816513,200,Non-elitist,0.1397816513,0.1397816513,1.0096906874,0.1397816513,0.1397816513,0.1397816513,0.1397816513,0.1397816513,0.1397816513,0.1397816513,0.1397816513,0.1397816513,0.1397816513,0.1397816513,0.1397816513,0.1397816513,0.1397816513,0.1397816513,0.1397816513,0.1397816513
7,7,17,0.0084763138,8.0923872446,250,Non-elitist,8.0923872446,8.0923872446,8.0923872446,8.0923872446,8.0923872446,8.0923872446,8.0923872446,8.0923872446,8.0923872446,8.0923872446,8.0923872446,8.0923872446,8.0923872446,8.0923872446,8.0923872446,8.0923872446,8.0923872446,8.0923872446,8.0923872446,8.0923872446
7,7,18,0.5577429083,0.649829961,400,Non-elitist,0.649829961,0.649829961,0.649829961,0.649829961,0.649829961,0.649829961,0.649829961,0.649829961,0.5815025556,0.649829961,0.649829961,0.5811295366,0.649829961,0.649829961,0.649829961,0.649829961,0.649829961,0.649829961,0.649829961,0.649829961
7,7,19,0.0223097163,1.2064390463,200,Non-elitist,1.2064390463,1.2064390463,2.9662811207,1.2064390463,1.6218187094,1.2064390463,0.649829961,1.2064390463,1.2064390463,1.2064390463,1.2064390463,1.2064390463,1.2064390463,1.2064390463,1.2064390463,1.2064390463,1.2064390463,1.2064390463,1.2064390463,1.2064390463
8,6,0,1e-10,3.9308394341,100,BFGS,1e-10,3.9308394341,3.9308394342,3.9308394342,3.9308394341,3.9308394342,3.9308394341,3.9308394342,3.9308394342,3.9308394342,3.9308394342,3.9308394342,3.9308394342,3.9308394341,3.9308394342,3.9308394724,3.9317679493,3.94651878,3.9446021374,3.9421862463
8,6,1,0.0,1e-10,50,BFGS,1e-10,0.0,0.0,0.0,0.0,1e-10,0.0,0.0,0.0,0.0,0.0,1e-10,0.0,0.0,0.0,0.0051044645,0.0292658294,0.0857158036,0.0659880815,0.0633065535
8,6,2,0.0,3.9308394342,100,BFGS,0.0,3.9308394342,0.0,0.0,0.0,0.0,0.0,0.0,0.0,0.0,0.0,0.0,0.0370351665,0.24635648,1.9313533637,2.8032486306,3.7703051068,3.2341771873,3.1763078814,3.2341771873
8,6,3,0.0,1e-10,100,BFGS,1e-10,1e-10,0.0,0.0,0.0,0.0,0.0,1e-10,0.0,0.0,0.0,0.0,0.0,0.0,0.0,9e-10,0.0090005269,0.0175560663,0.0156280456,0.0090005269
8,6,4,0.0,0.0,50,BFGS,0.0,0.0,0.0,0.0,0.0,0.0,0.0,0.0,0.0,0.0,0.0,0.0,0.0,0.0,1.967e-07,0.1396738763,0.727176698,0.727176698,0.5778783245,0.727176698
8,6,5,0.0,0.0,50,BFGS,0.0,1e-10,0.0,0.0,0.0,0.0,1e-10,0.0,0.0,1e-10,0.0,0.0,0.0,1e-10,0.0,0.0064221795,0.0343940164,0.1788769092,0.2064129008,0.2064129008
8,6,6,0.0,0.0,100,BFGS,0.0,0.0,0.0,0.0,0.0,0.0,0.0,0.0,0.0,0.0,0.0,0.0,0.0,0.0,0.0,0.0,0.0014975441,0.0436876561,0.0598499557,0.0656671842
8,6,7,0.0,0.0,100,BFGS,1e-10,0.0,1e-10,0.0,0.0,0.0,0.0,0.0,0.0,0.0,1e-10,0.0,0.0,1e-10,0.0014538936,0.1083630022,0.8090470918,0.9281025327,0.9281025327,0.9281025327
8,6,8,0.0,0.0,100,BFGS,0.0,0.0,0.0,0.0,0.0,0.0,0.0,0.0,1e-10,0.0,1e-10,1e-10,1e-10,0.0,0.0156831133,0.3723851337,1.3715429114,1.3715429114,1.3715429114,1.3715429114
8,6,9,0.0,0.0,100,BFGS,1e-10,0.0,0.0,1e-10,0.0,0.0,0.0,0.0,0.0,0.0,0.0,0.0,1e-10,0.0,7.18072e-05,0.0657803341,0.3386605307,0.445175326,0.4570755449,0.445175326
8,6,10,0.0,0.0,50,BFGS,0.0,0.0,0.0,1e-10,0.0,0.0,1e-10,0.0,0.0,1e-10,0.0,1e-10,1e-10,0.1393827741,0.250408095,1.4944820936,2.0660096693,1.8363895993,1.8390625223,1.9588882371
8,6,11,0.0,0.0,50,BFGS,0.0,0.0,0.0,0.0,0.0,0.0,1e-10,0.0,1e-10,0.0,0.0,0.0,0.0,1e-10,0.0,0.0053128971,0.3668924936,0.3205688272,0.341985052,0.3205688272
8,6,12,0.0,0.0,150,BFGS,0.0,0.0,0.0,1e-10,0.0,0.0,0.0,0.0,1e-10,0.0,0.0,0.0,0.0,0.0,1e-10,0.0234018011,0.2096653137,0.4469439426,0.5177570743,0.4469439426
8,6,13,0.0,0.0,100,BFGS,0.0,0.0,1e-10,0.0,0.0,1e-10,0.0,0.0,1.57e-08,0.0,1e-10,1e-10,1e-10,1e-10,1.65e-08,0.0383281252,0.5915487288,0.5915487288,0.6564538752,0.5915487288
8,6,14,0.0,0.0,100,BFGS,1e-10,0.0,1e-10,1e-10,0.0,0.0,1e-10,0.0,0.0,1e-10,0.0,1e-10,0.0,4.254e-07,0.1006066839,0.5884389637,0.976055033,0.976055033,1.0046827894,0.976055033
8,6,15,0.0,3.9308394342,50,BFGS,3.9308394342,0.0,0.0,0.0,3.9308394342,3.9308394342,3.9308394342,3.9308394342,3.9308394341,3.9308394341,3.9308394341,3.9308394342,3.9308394341,3.9308394341,3.9308394343,3.9319858786,3.9955331601,4.0601471125,4.0900566248,4.0861169641
8,6,16,0.0,1e-10,100,BFGS,1e-10,1e-10,0.0,0.0,0.0,1e-10,0.0,0.0,0.0,0.0,1e-10,0.0,0.0,0.0,0.0,1.0023e-06,0.0339088333,0.1106018041,0.1263812608,0.119472741
8,6,17,0.0,3.9308394342,100,BFGS,0.0,3.9308394342,1e-10,0.0,0.0,0.0,0.0,0.0,0.0,0.0,0.0,0.0,0.0,0.0,9.434e-07,0.0727278725,0.1930974636,0.1702761009,0.1452455287,0.1930974636
8,6,18,0.0,0.0,50,BFGS,0.0,0.0,0.0,1e-10,0.0,0.0,1e-10,1e-10,1e-10,0.0,1e-10,0.0,0.0,0.0,0.0002829184,0.2103407554,0.3120036935,0.4932384823,0.3055139552,0.3120036935
8,6,19,0.0,1e-10,50,BFGS,1e-10,0.0,0.0,1e-10,1e-10,0.0,0.0,0.0,0.0,0.0,0.0,0.0,0.0,0.0,0.0990928848,0.7450842134,0.7990437621,0.7000038076,0.8259989659,0.8039288859
8,7,0,0.0,0.0,150,BFGS,0.0,0.0,0.0,0.0,0.0,1e-10,0.0,1e-10,1e-10,0.0,0.0,0.0,1e-10,0.0,1e-10,4.9865e-06,0.0285091466,0.051074458,0.0285091466,0.0285091466
8,7,1,0.0,0.0,100,BFGS,0.0,0.0,1e-10,1e-10,0.0,0.0,0.0,0.0,1e-10,1e-10,0.0,0.0,0.0,0.0,4.9e-08,0.020117677,0.0689491632,0.1869614268,0.1927266975,0.1927266975
8,7,2,0.0,0.0,100,BFGS,0.0,0.0,1e-10,0.0,1e-10,0.0,0.0,1e-10,0.0,1e-10,0.0,0.0,0.0,1e-10,2.3248e-06,0.0096008364,0.1230483701,0.2026601747,0.186322565,0.2137357106
8,7,3,0.0,0.0,100,BFGS,1e-10,0.0,0.0,0.0,0.0,0.0,0.0,0.0,0.0,0.0,0.0,0.0,0.0,0.0,1e-10,0.0149056453,0.064386986,0.0837256255,0.1064644363,0.0965060066
8,7,4,0.0,0.0,100,BFGS,0.0,0.0,1e-10,0.0,0.0,0.0,0.0,1e-10,1e-10,0.0,0.0,1e-10,0.0,0.0,0.0,5.81872e-05,0.0519755802,0.1710192503,0.0902852418,0.0902852418
8,7,5,0.0,0.0,50,BFGS,0.0,0.0,0.0,1e-10,1e-10,0.0,0.0,0.0,0.0,0.0,0.0,1e-10,1e-10,0.0,1e-10,0.024650752,0.3158220763,0.5512547365,0.5612497804,0.5512547365
8,7,6,0.0,0.0,100,BFGS,0.0,0.0,0.0,0.0,0.0,0.0,0.0,0.0,0.0,0.0,0.0,0.0,1e-10,1e-10,0.0,0.0043047119,0.3578559784,0.4305524957,0.4825702801,0.4825702801
8,7,7,0.0,3.9308394342,100,BFGS,0.0,3.9308394342,0.0,0.0,1e-10,0.0,0.0,0.0,0.0,0.0,0.0,0.0,0.0,0.0,1.69e-07,0.2109065235,0.3417017283,0.5239183771,0.4489090669,0.4489090669
8,7,8,0.0,0.0,100,BFGS,0.0,0.0,0.0,0.0,0.0,0.0,0.0,0.0,0.0,0.0,1e-10,0.0,0.0,1e-10,0.0,0.0003500851,0.0523506656,0.0400032861,0.0612250676,0.0657956433
8,7,9,0.0,1e-10,50,BFGS,1e-10,0.0,0.0,0.0,1e-10,1e-10,1e-10,0.0,0.0,0.0,0.0,0.0,0.0,0.0,1.7661e-06,0.1392588953,0.7659154061,0.7688577368,0.7318846537,0.815441557
8,7,10,0.0,0.0,100,BFGS,0.0,0.0,0.0,1e-10,0.0,0.0,1e-10,0.0,0.0,1e-10,0.0,1e-10,1e-10,0.0076024102,0.7317591739,0.7553819599,2.4826188715,2.2766281189,2.3220455676,2.3220455676
8,7,11,0.0,3.9308394342,100,BFGS,0.0,3.9308394342,1e-10,0.0,1e-10,0.0,0.0,0.0,0.0,0.0,0.0,1e-10,0.0,0.0,0.0,0.1045584335,0.251758482,0.2124217554,0.2124217554,0.2124217554
8,7,12,0.0,0.0,100,BFGS,0.0,0.0,1e-10,1e-10,1e-10,0.0,0.0,0.0,0.0,0.0,0.0,1e-10,1e-10,0.0,0.0,0.0013187895,0.0315114179,0.136958184,0.1150878211,0.1569182009
8,7,13,0.0,0.0,50,BFGS,0.0,0.0,0.0,1e-10,0.0,1e-10,1e-10,0.0,0.0,1e-10,1e-10,0.0,0.0,1e-10,1e-10,2.98151e-05,0.0008990219,0.0053635246,0.0037653322,0.0034022442
8,7,14,0.0,0.0,100,BFGS,0.0,0.0,1e-10,0.0,1e-10,0.0,0.0,0.0,0.0,0.0,1e-10,0.0,0.0,1e-10,0.0055733511,0.4245215438,0.6803248534,0.6803248534,0.6803248534,0.6803248534
8,7,15,0.0,0.0,100,BFGS,3.9308394342,0.0,0.0,0.0,0.0,1e-10,0.0,0.0,0.0,1e-10,0.0,1e-10,1e-10,0.0,0.0622053912,0.9562623723,1.1716658058,1.6200714685,1.6258710765,1.5997418982
8,7,16,0.0,0.0,100,BFGS,0.0,0.0,0.0,0.0,1e-10,1e-10,0.0,0.0,0.0,0.0,0.0,0.0,0.0,1e-10,0.000536392,0.4256150474,0.7438601167,0.6206825306,0.6206825306,0.6206825306
8,7,17,0.0,0.0,100,BFGS,3.9308394342,0.0,1e-10,0.0,1e-10,0.0,0.0,0.0,0.0,0.0,1e-10,0.0,1e-10,4.067e-07,4.067e-07,4.067e-07,4.21e-08,1.91e-08,7.96e-08,4.067e-07
8,7,18,0.0,0.0,50,BFGS,0.0,1e-10,0.0,3.9308394342,3.9308394341,1e-10,1e-10,1e-10,0.0,0.0,0.0,0.0,0.0,0.0,0.0,0.0431903441,0.8747446489,0.7420047761,0.8483658401,0.8747446489
8,7,19,0.0,3.9308394342,100,BFGS,1e-10,3.9308394342,0.0,1e-10,0.0,0.0,0.0,0.0,0.0,1e-10,0.0,0.0,0.0,6e-09,0.0440697737,0.9803104989,1.0606204201,1.0606204201,1.0606204201,1.0606204201
9,6,0,0.0,0.0,50,BFGS,0.0,3.9308394341,3.9308394341,0.0,3.9308394341,3.9308394341,3.9308394341,3.9308394341,3.9308394341,3.9308394341,3.9308394341,3.9308394341,3.9308394341,3.9308394341,3.9308394341,3.9309027388,3.9653331617,3.9600672214,3.9664031717,3.9664031717
9,6,1,0.0,1e-10,100,BFGS,0.0,1e-10,0.0,0.0,0.0,0.0,0.0,0.0,0.0,0.0,0.0,0.0,0.0,0.0,0.0,7.6e-09,0.0048410332,0.0056186742,0.0081220662,0.0032058754
9,6,2,0.0,0.0,50,BFGS,0.0,0.0,0.0,0.0,0.0,0.0,0.0,0.0,0.0,0.0,1e-10,0.0,1e-10,0.0,0.0,0.01626801,0.0947424417,0.141570928,0.1232041446,0.1434573614
9,6,3,0.0,0.0,50,BFGS,0.0,0.0,0.0,0.0,0.0,0.0,0.0,0.0,0.0,0.0,0.0,0.0,0.0,0.0,1e-10,0.0007611009,0.0277522875,0.06872523,0.0907077073,0.0907077073
9,6,4,0.0,3.9308394341,50,BFGS,3.9308394341,0.0,1e-10,0.0,0.0,0.0,0.0,0.0,0.0,0.0,0.0,0.0,0.0,1e-10,0.0,4.83128e-05,0.0193194886,0.1331154742,0.1320063671,0.1320063671
9,6,5,0.0,0.0,50,BFGS,0.0,0.0,1e-10,0.0,0.0,0.0,0.0,0.0,0.0,0.0,0.0,0.0,0.0,0.0,1e-10,0.0113122233,0.1179778145,0.2163224588,0.138982933,0.1723345389
9,6,6,0.0,0.0,50,BFGS,0.0,0.0,0.0,0.0,0.0,0.0,0.0,0.0,0.0,0.0,0.0,0.0,0.0,0.0,0.0,1.168e-06,0.1295972715,0.2004447658,0.1595505099,0.184279514
9,6,7,0.0,0.0,50,BFGS,0.0,0.0,1e-10,0.0,0.0,7e-10,0.0,0.0,0.0,0.0,0.0,0.0,0.0,0.0,0.0004761915,0.0998203677,0.7892320316,0.7596479265,0.7892320316,0.7892320316
9,6,8,0.0,0.0,50,BFGS,0.0,0.0,0.0,0.0,0.0,0.0,0.0,0.0,0.0,0.0,0.0,0.0,0.0,1e-10,0.0,0.0114346438,0.1404097046,0.1787982576,0.158133536,0.1787982576
9,6,9,0.0,0.0,50,BFGS,0.0,3.9308394341,3.9308394341,3.9308394341,0.0,1e-10,3.9308394341,3.9308394341,0.0,0.0,0.0,0.0,1.57457e-05,0.4502531735,2.8697988769,3.3361335769,4.0232688773,4.1728245204,4.1728245204,4.1728245204
9,6,10,0.0,0.0,50,BFGS,0.0,0.0,0.0,0.0,2.39e-08,0.0,0.0,0.0,0.0,0.0,0.0,0.0,0.0,0.0,0.0,3.59355e-05,0.0018381372,0.0196599658,0.014175697,0.0162377852
9,6,11,0.0,0.0,50,BFGS,0.0,0.0,1e-10,0.0,0.0,0.0,0.0,0.0,0.0,0.0,0.0,0.0,0.0,0.0,0.0,0.0005837221,0.0028746976,0.0016205692,0.0054624348,0.0054624348
9,6,12,0.0,3.9308394341,50,BFGS,3.9308394341,0.0,3.9308394342,0.0,0.0,0.0,0.0,0.0,0.0,0.0,0.0,0.0,0.0,0.0,0.0,0.0003791463,0.1146667936,0.0971262952,0.0976127633,0.1396695193
9,6,13,0.0,0.0,50,BFGS,0.0,0.0,1e-10,0.0,0.0,0.0,0.0,0.0,0.0,0.0,0.0,0.0,1e-10,0.0,6.2e-09,0.023855821,0.0900195294,0.0761796266,0.0908688629,0.0761796266
9,6,14,0.0,0.0,100,BFGS,3.9308394341,0.0,3.9308394341,3.9308394341,3.9308394341,3.9308394341,3.9308394341,3.9308394341,3.9308394341,3.9308394341,3.9308394341,3.9308394341,3.9308394341,3.9308394342,3.9308394341,3.9320317591,3.955106025,3.9711781216,3.9635966684,3.955106025
9,6,15,0.0,0.0,100,BFGS,3.9308394342,0.0,0.0,0.0,0.0,0.0,0.0,0.0,0.0,0.0,0.0,0.0,0.0,0.0,0.0,0.0474753894,0.6239952794,0.5446471298,0.6397647492,0.5701553102
9,6,16,3.9308394341,3.9308394341,50,BFGS,3.9308394341,3.9308395225,3.9308394341,3.9308394341,3.9308394341,3.9308394341,3.9308394341,3.9308394341,3.9308394341,3.9308394341,3.9308394341,3.9308394341,3.9308394341,3.9308394341,3.9308394341,3.9308396388,3.9308434975,3.9308399594,3.9308432838,3.9308412739
9,6,17,0.0,0.0,50,BFGS,0.0,0.0,3e-10,0.0,0.0,0.0,0.0,2e-10,0.0,0.0,0.0,0.0,0.0,0.0,5.39e-08,0.2317341121,0.1876388423,0.1684582054,0.1800535628,0.195389412
9,6,18,0.0,0.0,50,BFGS,0.0,0.0,1e-10,0.0,0.0,0.0,0.0,0.0,0.0,0.0,0.0,0.0,1e-10,0.0,0.0,0.0034254406,0.1687461285,0.1433094355,0.119281001,0.0940231316
9,6,19,0.0,3.9308394341,100,BFGS,0.0,3.9308394341,3.9308394341,3.9308394341,3.9308394342,3.9308394341,3.9308394341,3.9308394341,3.9308394341,3.9308394341,3.9308394341,3.9308394341,3.9308394341,3.9308394341,3.9308394342,3.9493261875,3.9717588138,3.9717588138,3.9621602887,3.9717588138
9,7,0,0.0,0.0,50,BFGS,0.0,0.0,0.0,0.0,0.0,0.0,0.0,0.0,0.0,0.0,0.0,0.0,0.0001006484,0.0651159222,0.7587304011,1.2502275347,2.3509454883,2.1402681551,2.2401923684,2.1402681551
9,7,1,0.8528922309,3.9308394341,50,BFGS,3.9308394341,3.9308394341,3.9308394341,3.9308394341,3.9308394341,3.9308394341,3.9308394341,3.9308394341,3.9308394341,3.9308394341,3.9308394341,3.9308394341,3.9308394341,3.9308394341,3.9308394341,3.9308394352,3.9308398097,3.9308435892,3.9308678299,3.9308435892
9,7,2,0.0,0.0,50,BFGS,0.0,0.0,0.0,0.0,0.0,0.0,0.0,0.0,0.0,0.0,0.0,0.0,0.0,0.0,1e-09,0.0934381892,0.2934754637,0.5079578628,0.5395444373,0.5079578628
9,7,3,0.0,3.9308394341,50,BFGS,3.9308394341,0.0,0.0,0.0,0.0,0.0,0.0,0.0,0.0,0.0,0.0,0.0,0.0,0.0,0.0020018409,0.1699178243,0.8958657872,0.6526780336,0.7171126986,0.7171126986
9,7,4,0.0,0.0,50,BFGS,0.0,0.0,0.0,0.0,0.0,0.0,0.0,0.0,0.0,0.0,0.0,0.0,0.0,0.0,0.0,3.1343e-05,0.0066121671,0.0443399033,0.0604715413,0.0533440819
9,7,5,0.0,0.0,50,BFGS,0.0,0.0,0.0,0.0,0.0,2.5395612167,0.0,0.0,0.0,0.0,0.0,0.0,0.0,0.0,0.0018067075,0.2657665168,0.5138686444,0.5344969192,0.4556536581,0.5275192991
9,7,6,0.0,0.0,50,BFGS,0.0,0.0,0.0,0.0,0.0,0.0,0.0,0.0,0.0,0.0,0.0,0.0,0.0,0.0,1.28e-08,4.7e-08,1e-09,7.58e-08,3.522e-07,6.76e-08
9,7,7,0.0,0.0,50,BFGS,0.0,0.0,0.0,0.0,0.0,0.0,0.0,0.0,0.0,0.0,0.0,0.0,0.0,0.0,0.0003087812,0.2524274145,0.4240978497,0.4037251212,0.3474130082,0.4037251212
9,7,8,0.0,0.0,50,BFGS,0.0,0.0,0.0,0.0,0.0,0.0,0.0,0.0,0.0,0.0,0.0,0.0,0.0,0.0,1.9e-09,0.0719532368,0.0956700579,0.2685803966,0.2124596193,0.2124596193
9,7,9,0.0,0.0,50,BFGS,0.0,0.0,0.0,0.0,0.0,0.0,0.0,0.0,0.0,0.0,0.0,0.0,0.0,0.0,0.0,0.0006617697,0.017732974,0.0242375902,0.0364505748,0.0319769651
9,7,10,0.0,0.0,50,BFGS,0.0,0.0,0.0,0.0,0.0,0.0,0.0,0.0,0.0,0.0,0.0,0.0,0.0,0.0,0.0,3.26e-08,0.0050896323,0.0007572108,0.0006377727,0.0007572108
9,7,11,0.0,0.0,50,BFGS,0.0,0.0,0.0,0.0,0.0,0.0,0.0,0.0,0.0,0.0,0.0,0.0,0.0,0.0,0.0,0.0026817864,0.3120943984,0.1805947168,0.2183990563,0.1805947168
9,7,12,0.0,0.0,50,BFGS,0.0,0.0,0.0,0.0,0.0,0.0,0.0,0.0,0.0,0.0,0.0,0.0,0.0,0.0,0.0,0.0051981088,0.220968757,0.2920802852,0.3183693909,0.3183693909
9,7,13,0.0,0.0,50,BFGS,0.0,0.0,0.0,0.0,0.0,0.0,0.0,0.0,0.0,0.0,0.0,0.0,0.0,0.0,0.0,0.0,1.88e-08,9.2e-08,3.65e-08,9.2e-08
9,7,14,0.0,0.0,50,BFGS,0.0,3.9308394341,0.0,0.0,0.0,0.0,0.0,0.0,0.0,0.0,0.0,0.0,0.0,0.0451712748,0.2556346061,0.9009395312,1.3258541621,1.161735274,1.2840276121,1.2840276121
9,7,15,0.0,0.0,50,BFGS,0.0,0.0,0.0,0.0,0.0,0.0,0.0,0.0,0.0,0.0,0.0,0.0,0.0,0.0,0.0,0.0046057166,0.1898570269,0.1762156354,0.2143937009,0.2143937009
9,7,16,0.0,0.0,50,BFGS,0.0,0.0,0.0,0.0,0.0,0.0,0.0,0.0,0.0,0.0,0.0,0.0,0.0,0.0,0.0,1.0821e-06,6.85367e-05,3.16467e-05,5.3981e-06,8.7304e-05
9,7,17,0.0,3.9308394341,50,BFGS,3.9308394341,0.0,0.0,0.0,0.0,0.0,0.0,0.0,0.0,0.0,0.0,0.0,0.0,0.0,0.0,0.0016060823,0.0266929395,0.0049123783,0.0178854545,0.0046267631
9,7,18,0.0,0.0,50,BFGS,0.0,0.0,0.0,0.0,0.0,0.0,0.0,0.0,0.0,0.0,0.0,0.0,0.0,0.0,0.0,3.64584e-05,0.0210083666,0.0181946381,0.0172705901,0.0181946381
9,7,19,0.0,3.9308394341,50,BFGS,3.9308394341,0.0,0.0,0.0,0.0,0.0,0.0,0.0,0.0,0.0,0.0,0.0,0.0,0.0,0.0002125392,0.2181930258,0.4135171799,0.3254408421,0.2713033375,0.2713033375
10,6,0,1.5e-08,2.0651e-06,300,BFGS,3.062e-07,4.678e-07,1.5097e-06,4.309e-07,1.7497e-06,2.0651e-06,2.379e-07,5.43e-08,7.869e-06,1.5e-08,4.168e-07,1.71e-08,6.6957e-06,2.949e-07,0.0038338405,1.43117e-05,0.0034424448,0.4156800209,7.893360461,9.4219271079
10,6,1,3.01e-08,4.041e-07,300,BFGS,4.053e-07,2.1427e-06,6e-07,3.01e-08,8.1814e-06,4.041e-07,2.499e-07,5.22e-08,5.1158e-06,2.2096e-06,2.473e-07,6.5021e-06,1.082e-07,2.9412e-06,6.6264e-06,2.5545e-06,0.0058854861,0.1733455628,36.5580513465,36.3036728174
10,6,2,4.98e-08,1.0776e-06,300,BFGS,1.2693e-06,6.5788e-06,9.83e-08,3.2377e-06,4.98e-08,1.0776e-06,1.1807e-06,1.406e-07,3.956e-07,5.476e-07,1.656e-07,4.59e-07,4.20372e-05,4.73e-07,9.361e-07,0.2417637491,0.000284049,0.0039529,17.0832973527,33.7854995397
10,6,3,1.137e-07,2.508e-07,300,BFGS,5.115e-07,1.3798e-06,1.5258e-06,1.6395e-06,1.137e-07,2.508e-07,1.1398e-06,1.8998e-06,1.8639e-06,9.543e-07,3.828e-07,8.495e-07,8.909e-07,4.355e-07,2.381e-07,3.597e-07,1.93565e-05,0.0020269772,0.0038649185,0.0025287291
10,6,4,3.17e-08,7.18e-08,300,BFGS,2.1487e-06,3.17e-08,5.64e-07,1.619e-07,3.44e-08,7.18e-08,7.9e-08,2.112e-06,1.223e-06,1.517e-07,8.78e-07,1.7476e-06,5.511e-07,1.146e-07,1.7948e-06,8.518e-07,8.78614e-05,0.0934531506,1.9212598997,1.5997889765
10,6,5,1.32e-08,6.7644e-06,300,BFGS,3.593e-07,1.684e-07,2.369e-07,2.591e-07,9.405e-07,6.7644e-06,2.9421e-06,8.394e-07,6.94e-08,1.8838e-06,1.32e-08,9.49e-07,5.8391e-06,1.442e-06,0.0014208791,0.0008277176,0.0962316953,0.9484716189,2.3111794317,2.2079876664
10,6,6,3.5e-09,3.5e-09,250,BFGS,6.2816e-06,2.1558e-06,2.306e-07,1.158e-06,3.5e-09,1.62e-08,2.08e-08,7.51e-07,6.435e-07,3.719e-07,2.3645e-06,1.5994e-06,5.6e-09,1.0998e-06,3.1504e-06,2.0216e-06,0.0007485799,0.2204188941,2.1134935502,2.2841540757
10,6,7,6.7e-09,1e-08,300,BFGS,3.817e-07,3.127e-07,6.7e-09,1.7216e-06,6.57e-06,1e-08,7.781e-07,2.465e-07,1.6268e-06,8.587e-07,1.3086e-06,8.66e-08,7.857e-07,6.7087e-06,2.0893e-05,1.0499e-06,0.0039969422,0.0021615392,0.0075608424,0.0061491935
10,6,8,2.66e-08,3.46e-07,250,BFGS,6.5e-08,1.6183e-06,4.3688e-06,1.039e-07,3.46e-07,1.7888e-06,8.2746e-06,7.4628e-06,1.893e-07,1.55318e-05,1.49881e-05,1.708e-06,9.57e-08,2.299e-07,7.387e-06,2.66e-08,0.1012676822,0.2582986504,1.9946878207,1.6778125713
10,6,9,5.76e-08,6.711e-07,300,BFGS,3.6382e-06,6.047e-07,8.878e-07,1.201e-07,2.09e-07,6.711e-07,1.9445e-06,1.6671e-06,4.87e-07,4.137e-07,2.9234e-05,5.76e-08,2.1645e-06,1.9977e-06,6.183e-07,2.2439e-06,0.0002471817,0.125927548,0.1330052637,0.1550979657
10,6,10,3.6e-09,2.82e-08,300,BFGS,3.6e-09,3.48e-08,1.6702e-06,3.672e-07,5.6e-09,2.82e-08,5.5e-08,2.801e-06,2.893e-07,1.0911e-06,3.103e-07,1.494e-07,8.1202e-06,5.076e-07,1.929e-07,6.07e-08,0.0033559011,0.0007180229,0.451842036,1.0613131613
10,6,11,4e-10,1.7e-09,300,BFGS,5.75e-08,7.696e-06,6.647e-07,1.1808e-06,8.725e-07,1.7e-09,4e-10,1.9431e-06,2.85e-07,1.1247e-06,2.234e-06,1.1119e-06,2.0484e-06,7.1e-06,0.0002223562,1.8502e-06,0.2686391055,0.3007818654,0.0325469611,0.0279552955
10,6,12,1.5e-09,7.373e-07,350,BFGS,1.8391e-06,1.5e-09,8.805e-07,2.319e-07,1.6815e-06,6.6515e-06,7.373e-07,7.526e-07,8.1683e-06,3.6544e-06,1.9666e-06,6.88e-08,1.7059e-06,9.2227e-06,1.2011e-06,0.0004443729,0.0020404233,0.0115286176,0.2598489006,0.2598489006
10,6,13,4e-09,4e-09,300,BFGS,1.085e-07,3.074e-07,2.53e-08,1.7274e-06,1.0708e-06,4e-09,3.283e-07,7.6073e-06,1.365e-07,1.798e-07,2.575e-07,7.21e-08,4.91e-07,6.105e-07,7.035e-07,6.6501e-06,7.647e-07,0.0052764255,1.8168031914,2.8799503066
10,6,14,1.41e-08,1.193e-06,300,BFGS,6.12e-08,3.595e-07,3.829e-06,1.9661e-06,1.5815e-06,1.193e-06,4.271e-07,4.328e-07,9.82e-08,1.88e-08,5.419e-07,5.08e-08,6.595e-07,1.41e-08,9.87021e-05,0.0028315755,0.0004397788,0.0199744227,0.4843027825,0.4256084577
10,6,15,1.43e-08,1.7545e-06,300,BFGS,9.65e-08,3.064e-07,1.43e-08,7.71e-08,2.74e-08,1.7545e-06,3.364e-07,8.079e-07,3.829e-07,2.303e-07,1.7633e-06,5.598e-07,8.0548e-06,3.0613e-06,8.0601e-06,1.04e-07,4.78822e-05,0.0346856016,0.4581435658,0.8282220887
10,6,16,1.07e-08,9.662e-07,300,BFGS,3.24828e-05,1.798e-07,9.55e-08,2.057e-06,7.93e-08,9.662e-07,1.976e-07,7.348e-07,1.07e-08,4.9844e-06,2.38581e-05,1.0587e-06,6.6487e-06,1.4897e-06,3e-08,1.26616e-05,0.5969371895,0.8206469405,1.4825412188,1.9816864463
10,6,17,1.04e-08,4.24e-07,300,BFGS,6.78e-08,1.45e-08,2.666e-07,3.144e-07,6.676e-07,4.24e-07,1.1909e-06,1.6639e-06,1.872e-06,2.0159e-06,4.388e-07,1.809e-07,1.04e-08,3.659e-07,5.59828e-05,6.971e-07,0.2608123956,0.1388734723,6.2841715352,9.316619648
10,6,18,3e-09,3e-09,300,BFGS,3e-08,2.379e-07,7.588e-07,3.008e-07,6.5536e-06,3e-09,1.1083e-06,1.781e-06,2.588e-06,2.3691e-06,1.9121e-06,3.0635e-06,6.51e-08,6.7665e-06,1.45073e-05,3.3086e-06,1.48466e-05,8.8457e-06,3.90546e-05,4.91437e-05
10,6,19,4.6e-08,8.766e-06,300,BFGS,6.124e-07,2.335e-07,5.085e-07,6.191e-07,6.7506e-06,8.766e-06,7.5658e-06,4.6e-08,7.684e-07,3.227e-07,1.0259e-06,2.5416e-06,1.22076e-05,2.182e-07,3.1431e-06,0.0042255699,0.1367932101,0.9875747176,2.0648489747,2.0584159688
10,7,0,1.812e-07,4.461e-06,200,BFGS,2.2754e-06,7.019e-07,2.0269e-06,4.461e-06,8.694e-07,3.30583e-05,1.2324e-06,6.9686e-06,1.812e-07,3.779e-07,1.0295e-06,3.3042e-06,2.679e-07,0.0002331513,5.723e-07,2.03489e-05,0.0020005645,0.0038872108,0.0043879327,0.0082279192
10,7,1,6.85e-08,1.1768e-06,350,BFGS,6.85e-08,5.45e-07,2.529e-07,6.105e-07,9.704e-07,2.4761e-05,1.1768e-06,1.9106e-06,2.5588e-06,2.076e-07,1.5628e-06,6.43e-07,1.75262e-05,1.178e-06,2.6207e-06,1.86322e-05,0.0005485414,0.0010281203,0.0036966793,0.0013400711
10,7,2,4.01e-08,6.90926e-05,250,BFGS,3.74227e-05,3.4421e-06,4.445e-07,1.7605e-06,6.90926e-05,4.53e-08,4.659e-07,5.9244e-06,4.281e-07,1.9653e-05,2.6685e-06,1.8952e-06,1.41745e-05,4.01e-08,9.451e-07,2.76861e-05,1.2816e-06,0.0006648584,0.0176867169,0.0748005628
10,7,3,3.5e-09,4.192e-07,250,BFGS,8.02e-08,1.76467e-05,2.072e-07,2.717e-06,4.192e-07,4.9923e-06,5.0358e-06,3.5e-09,6.852e-07,5.739e-07,2.8443e-06,4.918e-07,1.1646e-06,1.33009e-05,8.154e-07,2.174e-07,0.0036437314,0.0012874146,3.0081521832,5.1872509617
10,7,4,2.019e-07,1.941e-06,250,BFGS,3.9646e-06,7.3364e-06,2.019e-07,1.36576e-05,1.941e-06,4.3543e-06,3.47882e-05,4.3495e-06,3.6475e-06,5.4852e-06,3.7112e-06,8.553e-07,1.15343e-05,9.494e-07,8.93e-07,0.050252757,0.0272532048,17.585664188,15.5568478976,13.4727740035
10,7,5,1.12e-08,1.5365e-06,400,BFGS,2.2725e-06,2.14298e-05,7.4082e-06,1.6864e-06,3.5466e-06,1.0077e-06,2.85e-08,1.5365e-06,1.0993e-06,6.6027e-06,1.65e-07,1.716e-07,1.12e-08,0.0001320838,6.0554e-06,0.003387764,0.0327460664,6.8593145781,12.8844346849,59.3398001849
10,7,6,4.69e-08,3.5701e-06,250,BFGS,8.5135e-06,4.3666e-06,1.70643e-05,4.69e-08,3.5701e-06,5.16e-07,7.99e-08,7.46e-08,2.592e-07,2.075e-06,3.575e-07,1.1502e-06,5.1546e-06,2.498e-06,5.53e-07,0.0025656654,0.0007013752,0.0102630425,0.1317823788,0.1232571013
10,7,7,1.888e-07,7.43e-07,250,BFGS,2.5164e-06,1.888e-07,9.464e-07,1.8909e-06,7.43e-07,6.5532e-06,5.096e-07,2.64634e-05,9.856e-07,1.6094e-06,8.8121e-06,2.962e-07,2.6756e-06,0.0544090235,4.797e-06,1.3712e-06,1.5192475544,63.7345900098,23.8586350667,26.5940408045
10,7,8,1.88e-07,0.0002112526,250,BFGS,1.1269e-06,6.568e-06,1.88e-07,4.5794e-06,0.0002112526,1.8522e-06,4.5551e-06,6.817e-07,1.9353e-06,4.44339e-05,6.6591e-06,1.729e-06,1.9589e-06,0.0375957828,2.8258e-06,0.0002853805,2.222289696,6.501098289,5.3287441541,6.1935024508
10,7,9,2.22e-08,1.36707e-05,300,BFGS,2.22e-08,3.0018e-06,4.769e-07,2.48e-08,4.7717e-06,1.36707e-05,8.463e-07,5.695e-07,1.1705e-06,2.2758e-06,5.088e-07,4.7776e-06,1.1837e-06,1.65085e-05,1.36348e-05,1.24003e-05,0.001789688,0.265562245,2.4586042098,2.4280174492
10,7,10,2.36e-07,1.2541e-06,300,BFGS,4.099e-07,2.7856e-06,3.543e-07,4.4631e-06,5.748e-07,1.2541e-06,9.672e-07,3.0152e-06,5.971e-07,2.36e-07,4.35743e-05,1.7482e-06,2.492e-07,3.7913e-06,5.8985e-06,2.2509e-06,0.0003929798,1.1128878029,1.7094323637,1.7363038704
10,7,11,4.68e-08,1.0552e-06,350,BFGS,5.2302e-06,4.245e-07,3.1513e-06,4.013e-07,1.1053e-06,4.68e-08,1.0552e-06,2.71e-07,2.9861e-06,1.652e-07,5.31092e-05,2.963e-07,6.94e-07,0.0008154447,8.5769e-06,9.709e-07,1.47105e-05,0.6248732846,1.9709394511,1.978430418
10,7,12,1.197e-07,8.135e-07,300,BFGS,1.7097e-06,9.2261e-06,1.197e-07,6.858e-07,1.20037e-05,8.135e-07,7.008e-06,1.363e-07,1.48063e-05,8.987e-07,1.209e-07,3.738e-07,0.0716969543,1.43744e-05,0.0007843335,0.4698168242,0.8322484486,8.6790004308,9.0983552391,8.9214811666
10,7,13,1.33e-08,1.503e-07,250,BFGS,3.2466e-06,9.68e-08,7.8647e-06,1.059e-06,1.503e-07,2.0324e-06,1.563e-07,1.33e-08,5.6329e-06,5.68e-07,1.054e-07,3.9714e-06,5.18777e-05,2.2548e-06,5.818e-07,4.6424e-06,0.0047050657,0.0045937156,0.0053160538,0.0039360519
10,7,14,7.31e-08,3.5333e-06,250,BFGS,5.6743e-06,2.15211e-05,3.3996e-06,6.105e-06,3.5333e-06,3.5579e-06,6.4632e-06,4.432e-07,2.6332e-06,5.248e-07,2.0624e-06,7.31e-08,2.083e-07,1.63645e-05,1.3722e-06,0.0007532481,0.0054275953,1.2084778892,2.1555596611,2.0428316372
10,7,15,7.6e-09,1.2794e-06,350,BFGS,1.10967e-05,1.0261e-06,3.3098e-06,3.97249e-05,5.7676e-06,7.6e-09,1.2794e-06,2.189e-07,3.4592e-06,6.563e-06,9.95279e-05,3.232e-06,4.22222e-05,1.81092e-05,0.0085179374,0.5532273902,1.5509613049,2.0479464517,2.0501486142,2.0651204829
10,7,16,7.02e-08,5.7889e-06,300,BFGS,1.21025e-05,5.559e-07,1.6715e-06,3.774e-07,1.65e-07,5.7889e-06,3.9662e-06,3.0334e-06,6.137e-07,7.02e-08,1.11963e-05,2.4557e-06,1.62931e-05,6.40056e-05,0.0032898467,0.0001681774,0.4540900934,0.9801783659,2.0273308836,2.0415316342
10,7,17,4.8e-09,2.7258e-06,300,BFGS,1.25007e-05,1.0181e-06,4.6789e-06,9.739e-07,5.933e-07,2.7258e-06,4.9772e-06,4.8e-09,2.783e-07,3.711e-07,4.4715e-06,2.0381e-06,1.7925e-06,1.5387e-06,4.5581e-06,0.0526368284,1.2182683575,0.9093859083,1.696265579,1.4542760162
10,7,18,1.501e-07,1.0995e-06,400,BFGS,4.7384e-06,4.186e-07,2.4947e-06,3.6848e-06,8.676e-07,3.174e-07,6.7404e-06,1.0995e-06,7.775e-07,2.42916e-05,9.6924e-05,1.501e-07,1.9838e-06,0.0014333389,0.0005038101,9.742e-07,0.1819350238,5.4014097966,6.4239948786,12.3790749487
10,7,19,1.774e-07,2.9708e-06,250,BFGS,1.7453e-06,1.5743e-06,2.147e-07,5.059e-07,2.9708e-06,1.774e-07,4.44e-07,5.834e-07,6.1423e-06,1.3901e-06,4.67e-07,1.9282e-06,3.472e-07,3.2233e-06,4.3706e-06,9.69486e-05,0.0497750539,0.2196904571,0.9271843205,1.6929144244
11,6,0,3.707e-07,0.0005910312,300,BFGS,3.707e-07,0.0001103064,4.85188e-05,7.67829e-05,4.807e-06,0.0005910312,3.9214e-06,1.9406e-06,5.10279e-05,3.53464e-05,2.8008e-06,0.0002973048,0.0042624877,0.0051250718,7.2367355485,7.2367355485,7.2367355485,7.4371660829,7.8720971385,7.2367355485
11,6,1,2.328e-07,4.09157e-05,300,BFGS,6.144e-07,0.0004800924,0.0001411024,2.328e-07,5.43843e-05,4.09157e-05,0.0009699911,0.0041972636,0.0003235712,0.0001844312,0.0039145431,8.85502e-05,0.0009904758,0.0079435792,0.0854984378,0.0172830803,0.0021369242,0.0186348196,0.0134183662,0.0116899717
11,6,2,5.03e-08,1.84763e-05,300,BFGS,4.0213e-06,3.64659e-05,2.6342e-06,0.0001906641,3.04895e-05,1.84763e-05,5.03e-08,0.0001890257,0.0001598379,3.06218e-05,1.57923e-05,0.0017819628,0.0039295366,0.0072984101,0.0020672985,0.0003362997,0.0012564943,0.0012671963,0.0020672985,0.0020672985
11,6,3,2.4773e-06,3.10273e-05,250,BFGS,1.80986e-05,2.9471e-06,2.4773e-06,0.0046258755,3.10273e-05,6.96268e-05,8.75203e-05,0.0003231318,0.0002045945,3.55024e-05,4.08254e-05,0.0002125643,0.0002851655,5.54092e-05,0.0650759623,0.0029718433,0.0029718433,0.0500853683,0.0114153429,0.0029718433
11,6,4,1.2475e-05,9.76094e-05,300,BFGS,0.0001873864,2.23112e-05,2.06543e-05,6.47683e-05,0.0001048122,9.76094e-05,0.001171771,1.2475e-05,0.0009398787,3.52127e-05,3.28161e-05,0.000128876,0.0035092646,0.077138071,0.0016441098,2.565140821,0.6632783169,0.2885269992,0.6262969525,0.3209662171
11,6,5,1.1504e-06,0.0012179708,300,BFGS,6.26961e-05,2.689e-06,1.1504e-06,0.000164581,1.69431e-05,0.0012179708,2.27988e-05,0.0001924423,8.23305e-05,5.3742e-05,7.7045e-06,4.29386e-05,0.004600247,0.0016883955,0.029452604,0.015298933,0.0015426509,0.0011919992,0.0084637147,0.0019391655
11,6,6,9.441e-07,9.441e-07,300,BFGS,4.6798e-06,5.363e-05,4.88281e-05,1.5685e-05,0.0005799164,9.441e-07,4.21209e-05,0.000943048,1.7449e-06,0.0010581004,4.09829e-05,1.55577e-05,3.7628e-05,0.5392251118,1.14067e-05,0.2657440761,1.0610103287,0.5392251118,0.3614152417,0.5392251118
11,6,7,3.0825e-06,2.74184e-05,300,BFGS,3.7624e-05,0.0039044311,3.98614e-05,0.0001228153,3.0825e-06,2.74184e-05,3.2021e-06,0.0001269822,0.0007024013,0.0004114524,0.0003845508,0.0003286209,7.32878e-05,0.0002348516,0.0040623287,0.0049506938,0.0034742629,0.0049922726,0.0049506938,0.0049506938
11,6,8,9.1e-08,2.20869e-05,300,BFGS,0.0001013162,8.133e-06,0.0023191987,1.74313e-05,0.0001477401,2.20869e-05,1.7118e-06,6.491e-07,0.0056055892,0.0010748357,9.1e-08,0.0003575177,0.007627576,0.1002504442,0.0403526283,0.0403526283,0.0149700732,0.0129299911,0.0491987353,0.0403526283
11,6,9,4.08e-08,9.21676e-05,300,BFGS,4.08e-08,0.0001177839,3.537e-07,7.57262e-05,0.0003269955,9.21676e-05,3.61344e-05,4.86469e-05,0.0001281976,0.0003175347,0.0001075046,2.04392e-05,0.000990276,0.0889136993,0.0069508641,0.0176189983,0.0176189983,0.0160398622,0.0175345971,0.0176189983
11,6,10,8.661e-07,0.0003278456,300,BFGS,3.60854e-05,8.661e-07,0.0001594728,8.5979e-06,7.77085e-05,0.0003278456,6.38269e-05,8.64475e-05,4.79991e-05,8.84895e-05,1.56863e-05,0.000120088,4.66723e-05,0.131895858,0.2075765223,0.0374159144,0.0788159383,0.1782460259,0.0374159144,0.0374159144
11,6,11,3.1454e-06,5.36656e-05,250,BFGS,3.1454e-06,5.89241e-05,2.3238e-05,0.0001171164,5.36656e-05,2.12685e-05,2.75465e-05,0.0017997427,0.0002324428,0.0001416166,0.0010503197,0.0011393091,5.6114e-06,0.0037553361,0.0266262199,0.002376938,0.0411794524,0.0717716885,0.0411794524,0.0411794524
11,6,12,3.5874e-06,5.69114e-05,300,BFGS,0.0001315466,3.10162e-05,3.5874e-06,0.0002216467,7.45151e-05,5.69114e-05,2.03962e-05,8.192e-06,3.29031e-05,3.3805e-05,0.0002373575,0.0005423536,0.0048689494,0.0041082511,0.1412056773,0.0597315108,0.5060585146,0.0597315108,0.0538323497,0.0597315108
11,6,13,1.51893e-05,0.0039101399,300,BFGS,0.0002835691,3.12344e-05,8.0929e-05,2.37974e-05,1.7644e-05,0.0039101399,0.0001120679,4.25711e-05,2.33281e-05,5.40003e-05,1.51893e-05,6.77e-05,6.86468e-05,0.00012382,0.0123865645,0.0753379183,0.070381472,0.0296401584,0.0187564379,0.0123865645
11,6,14,1.805e-06,0.000280382,300,BFGS,1.30089e-05,5.78238e-05,1.02259e-05,1.805e-06,8.93425e-05,0.000280382,1.37679e-05,9.9318e-06,8.4896e-06,1.81211e-05,3.66914e-05,3.76045e-05,0.0083796584,0.0010042089,0.0001882059,0.0003792061,5.05087e-05,0.0002447478,5.84801e-05,5.5769e-05
11,6,15,8.138e-07,0.0009908735,300,BFGS,0.0001204026,8.138e-07,3.2154e-06,4.59929e-05,0.0010202089,0.0009908735,9.73838e-05,2.56695e-05,1.80168e-05,6.4692e-06,0.0004152945,0.0147945305,0.0598607203,0.3842071485,0.2720359329,0.2720359329,0.2720359329,0.0184747044,0.0640573185,0.2720359329
11,6,16,4.6551e-06,0.0001255133,300,BFGS,0.0008600359,4.6551e-06,3.88349e-05,8.32466e-05,2.35695e-05,0.0001255133,5.3548e-06,4.14316e-05,0.0009280723,0.000675137,0.0001629771,0.0002361024,0.0014082422,0.001706527,0.0017494348,0.0573110904,0.026038807,0.0177382068,0.0211496996,0.0159490544
11,6,17,9.603e-07,9.2919e-06,300,BFGS,0.0001318051,7.1826e-06,5.03148e-05,3.5832e-06,9.603e-07,9.2919e-06,0.0002217897,0.0007949381,0.0003897803,0.0001243911,6.97442e-05,7.6432e-06,0.0010922375,0.0053588278,0.0829921738,0.0139419776,0.3045346295,0.1053362583,0.100200808,0.0139419776
11,6,18,2.6002e-06,1.76222e-05,300,BFGS,3.932e-06,2.6002e-06,7.60338e-05,0.0005168223,0.0012239279,1.76222e-05,4.21992e-05,6.2242e-06,1.97427e-05,1.50802e-05,0.0001173629,0.0002054576,0.0149836168,0.0075539194,0.0622693025,0.241448531,0.241448531,0.1272664155,0.241448531,0.241448531
11,6,19,2.445e-07,2.9423e-06,300,BFGS,5.2459e-06,0.0005656981,1.8438e-06,2.445e-07,1.77284e-05,2.9423e-06,0.0005051213,3.6762e-06,0.0003491725,5.64446e-05,2.149e-06,0.0014831914,0.083660024,0.1857093422,0.2342298854,0.0999241126,0.1732973372,0.0037695676,0.0194259384,0.0059913409
11,7,0,1.92e-08,1.92e-08,300,BFGS,9.88e-08,5.141e-07,5.05e-08,1.92e-08,8.395e-07,1.92e-08,5.26e-07,2.8e-08,1.1185e-06,8.854e-07,1.0736e-06,0.000321855,0.0275608977,0.0156043742,0.925027667,0.2925065992,2.1652183314,0.3606720364,1.0707285431,0.6588749346
11,7,1,2.89e-08,6.798e-07,300,BFGS,6.02e-08,8.06e-08,1.601e-07,2.389e-07,2.7683e-06,6.798e-07,4.431e-07,5.94e-08,5.346e-07,2.89e-08,7.93e-08,7.831e-07,4.8461e-06,5.286e-05,0.0041221584,0.4986803742,0.1594628157,0.1385417623,0.1491713518,0.0915981071
11,7,2,1.18e-08,2.9582e-06,300,BFGS,1.1095e-06,1.6736e-06,1.18e-08,1.854e-07,3.513e-07,2.9582e-06,1.0503e-06,3.645e-06,8.023e-07,1.706e-07,2.323e-07,2.012e-07,0.001192232,0.0735322588,0.1924808187,0.2263593999,0.2263593999,0.3441413906,0.1648706266,0.2263593999
11,7,3,5.74e-08,1.491e-07,250,BFGS,3.203e-07,3.1749e-06,6.76e-08,2.6934e-06,1.491e-07,4.6347e-06,1.3643e-06,1.073e-07,5.957e-07,5.74e-08,9.909e-07,2.5946e-06,0.0060442256,1.5976738665,2.3372733564,2.3372733564,2.3372733564,2.013568927,2.5657197449,2.3372733564
11,7,4,3.96e-08,1.5178e-06,300,BFGS,7.24e-08,1.15e-07,9.62e-08,4.25e-08,3.96e-08,1.5178e-06,9.86e-08,4.967e-07,4.712e-07,1.489e-07,7.5116e-06,1.4624e-06,1.5252e-06,9.02066e-05,0.0266338905,0.0433067241,0.0153533803,0.0125041441,0.0105617725,0.0153533803
11,7,5,4.01e-08,6.7573e-06,300,BFGS,2.8387e-06,4.732e-07,1.299e-07,5.452e-07,2.0562e-06,6.7573e-06,4.01e-08,7.222e-07,2.544e-07,2.294e-07,1.598e-06,1.5757e-06,7.0083e-06,0.001066293,0.0309747616,0.0222181949,0.0032621142,0.0013800994,0.004503582,0.0032621142
11,7,6,6.8e-09,3.89e-08,300,BFGS,1.022e-07,1.9086e-06,6.902e-07,9.4546e-06,4.1581e-06,3.89e-08,6.8e-09,2.4e-08,2.2447e-06,3.1144e-06,2.591e-07,7.99305e-05,1.11322e-05,0.0024344024,0.0010450303,1.3348396697,0.0975840581,1.3348396697,1.4485751649,1.3348396697
11,7,7,2.2e-09,7.842e-07,300,BFGS,1.1667e-06,9.951e-07,3.0792e-06,3.09e-08,6.98e-08,7.842e-07,2.0585e-06,2.2e-09,8.4339e-06,3.0456e-06,3.33217e-05,1.0227e-06,2.50676e-05,0.0047041114,0.0048974213,0.0386159465,0.7131823329,0.023101996,0.5678271499,0.3001882191
11,7,8,8.59e-08,8.949e-07,300,BFGS,3.05e-07,8.59e-08,5.951e-06,1.9355e-06,6.262e-07,8.949e-07,8.485e-07,1.1289e-06,2.7194e-06,3.6448e-06,1.281e-07,1.1369e-06,4.04454e-05,0.1078546038,0.4863478349,0.8710888621,0.4863478349,0.6161973344,0.4326728806,0.4863478349
11,7,9,3.55e-08,1.7531e-06,300,BFGS,6.41e-08,3.55e-08,1.9482e-06,5.5e-08,1.2416e-06,1.7531e-06,5.07e-08,1.1775e-06,2.6554e-06,3.69e-07,5.6939e-06,5.9821e-06,7.4294e-06,7.90533e-05,0.0338659558,0.0338659558,0.0338659558,0.0338659558,0.0360678624,0.0338659558
11,7,10,6.38e-08,7.0752e-06,300,BFGS,9.647e-07,9.2754e-06,3.046e-07,1.043e-07,1.6463e-06,7.0752e-06,5.375e-07,5.216e-07,1.2573e-06,3.75912e-05,6.38e-08,9.783e-07,0.0002871985,0.2090793926,6.8976460306,9.553594301,9.553594301,9.3877939777,9.5706403534,9.553594301
11,7,11,4.39e-08,4.39e-08,300,BFGS,9.028e-07,2.663e-07,1.9571e-06,7.21e-08,3.481e-07,4.39e-08,5.37e-07,6.7133e-06,2.654e-07,7.821e-07,1.9407e-06,6.627e-07,4.07037e-05,0.0290794998,0.0116071104,0.0125125957,0.0067335985,0.0044185243,0.0026215668,0.0040149236
11,7,12,3.8e-09,2.862e-07,300,BFGS,1.8638e-06,3.8e-09,2.015e-07,2.236e-07,4.574e-07,2.862e-07,1.8327e-06,5.23e-08,3.107e-07,5.3798e-06,2.839e-07,1.85e-07,0.0029478447,0.1408357945,0.1058047425,0.0249056158,1.0528421339,0.1364511244,0.7164895146,0.384863241
11,7,13,4.16e-08,4.738e-07,300,BFGS,1.7859e-06,1.768e-07,1.0709e-06,2.636e-07,5.345e-07,4.738e-07,4.875e-07,2.9301e-06,7.78e-07,4.16e-08,4.704e-07,2.9806e-06,0.0035839657,2.2335e-06,0.0502254322,0.0502254322,0.0502254322,0.0470592531,0.0502254322,0.0502254322
11,7,14,5.83e-08,3.1923e-06,300,BFGS,3.11455e-05,8.21e-08,5.83e-08,7.36e-08,8.934e-07,3.1923e-06,7.23e-08,2.9843e-06,1.8641e-06,7.991e-07,1.8544e-06,0.003995064,0.0002187001,0.0791417149,0.3265858963,0.4024270876,1.6310499976,0.2508417478,0.3265858963,0.3265858963
11,7,15,5.8e-08,5.8e-08,250,BFGS,4.342e-07,9.752e-07,5.8e-08,4.775e-07,5.8e-08,8.369e-07,2.5172e-06,5.285e-07,3.185e-07,8.843e-07,2.2513e-06,0.0002878082,0.0900737135,0.0330459889,0.5406744111,0.5619199927,0.5406744111,0.7607734629,0.3945177938,0.5406744111
11,7,16,1.8e-09,4.748e-07,300,BFGS,1.233e-07,1.8e-09,3.067e-07,6.6548e-06,2.9341e-06,4.748e-07,3.14e-08,3.723e-07,2.0231e-06,2.13648e-05,1.51809e-05,2.2266e-06,1.063e-07,0.000485761,0.1400434802,0.8410948525,0.5877029001,0.7425946343,0.7780130114,0.7661608162
11,7,17,5.84e-08,7.5223e-06,300,BFGS,1.3529e-06,2.8538e-06,1.4885e-06,5.657e-07,6.51e-08,7.5223e-06,5.237e-07,2.6557e-06,5.84e-08,9.35e-07,3.47696e-05,3.61067e-05,0.3342902295,0.0043822718,1.2940076888,1.1515467444,0.581306951,1.2356510308,1.381187154,1.9455219797
11,7,18,2.93e-08,7.2058e-06,350,BFGS,1.7302e-06,9.98e-08,4.705e-07,3.9e-08,9.273e-07,2.93e-08,7.2058e-06,6.271e-07,2.2797e-06,1.7469e-06,1.52004e-05,4.017e-07,6.9263e-06,0.0786164159,0.0599565858,1.0769494388,2.2317239282,2.0591807307,2.0662850917,2.0591807307
11,7,19,4.377e-07,3.0998e-06,300,BFGS,6.321e-06,3.4024e-06,8.6688e-06,5.923e-07,9.304e-07,3.0998e-06,7.285e-07,4.377e-07,1.8844e-06,7.2412e-06,0.0013142336,0.0003555777,0.6504338316,0.4755555323,0.2957803744,0.5132836271,1.3094690643,0.6505028679,0.8358470829,0.5132836271
12,6,0,4.998e-07,1.737e-06,200,BFGS,1.1095e-06,2.1999e-06,8.577e-07,1.737e-06,4.998e-07,1.8936e-06,5.343e-07,2.8075e-06,6.1652e-06,9.089e-07,4.6129e-06,6.288e-06,3.79588e-05,0.0001392169,0.0006213794,0.0090240275,0.0426939791,0.1513962401,0.2555124806,0.4283851318
12,6,1,5.813e-07,5.35629e-05,250,BFGS,6.14396e-05,6.14403e-05,5.813e-07,1.1419e-06,5.35629e-05,9.73849e-05,8.0278e-06,1.75019e-05,3.44508e-05,0.001854509,0.0064366844,0.0882987589,0.1809429029,0.3433374675,0.8076708091,1.0541107577,2.2025257097,2.7271097973,3.1409876706,4.3016942289
12,6,2,5.266e-07,5.266e-07,250,BFGS,0.0024910172,6.214e-07,9.652e-07,7.438e-07,5.266e-07,9.713e-07,1.0086e-06,7.32e-07,1.2814e-06,4.1937e-06,3.3236e-06,8.7627e-06,0.0001676259,0.0005480394,0.001895005,0.0507936535,0.130275696,0.2274101653,0.4569668381,0.6835835699
12,6,3,6.19142e-05,0.2030673608,250,BFGS,6.19142e-05,0.3969090587,0.0040170327,0.2923452082,0.2030673608,0.2463824801,0.2501816339,0.4229937329,0.566187113,0.8432134148,1.042387179,1.3988129861,2.0877863937,2.4376390691,2.8389191639,3.4169637581,5.1227159916,6.4176573385,7.3729281606,7.7449224724
12,6,4,4.127e-07,2.5634e-06,200,BFGS,2.9003e-06,9.577e-07,4.127e-07,2.5634e-06,2.3908e-06,1.0127e-06,3.8748e-06,6.8654e-06,5.0549e-06,0.0001605339,0.0030778728,0.0067600877,0.0580939711,0.2217590199,0.7102028573,0.885780223,1.4633783425,2.4768965394,3.1444951426,3.642083815
12,6,5,7.447e-07,6.14374e-05,250,BFGS,0.0006250389,7.447e-07,6.13697e-05,6.1864e-05,6.14374e-05,6.32558e-05,7.77661e-05,7.2923e-05,0.0001448466,0.0001385072,0.0002324381,0.0005725747,0.002197254,0.003143083,0.0200095542,0.0207456415,0.0811520146,0.1024246411,0.1783874886,0.2254402105
12,6,6,6.1297e-05,0.560475729,250,BFGS,6.1297e-05,0.0009725202,0.5739010786,0.5039794262,0.560475729,0.7574429449,1.1586469242,1.540710249,2.012645663,2.4795539895,3.8630870471,3.8429345061,5.7940037217,6.3162740273,8.1198957342,9.5044157443,12.4288632048,14.1629308591,17.5548616083,19.1254629251
12,6,7,3.723e-07,2.04909e-05,300,BFGS,0.0452517614,0.1096410149,0.0905376186,3.723e-07,3.52605e-05,2.04909e-05,2.35829e-05,5.98091e-05,0.0001968976,0.0058101854,0.0037737583,0.1352867849,0.3652788826,0.6914086525,0.8637357181,1.1438901206,1.8649669219,3.3545068535,3.9682860655,5.4776004919
12,6,8,2.9059e-06,0.0002169731,250,BFGS,2.9059e-06,7.43442e-05,0.0246655912,0.000610856,0.0002169731,0.0003683162,0.0003062623,0.0006925313,0.0017670062,0.0059001625,0.0207689195,0.0425785383,0.141839781,0.1676733655,0.1498935249,0.3247833333,0.4564564613,0.5526828552,0.7723170378,0.8477023437
12,6,9,5.733e-07,1.8744e-06,200,BFGS,6.14397e-05,2.0335e-06,2.1729e-06,1.8744e-06,5.733e-07,4.2897e-06,4.2539e-06,3.0255e-06,3.40768e-05,8.07442e-05,0.000130288,0.0026508719,0.0362922217,0.1597660343,0.4008006606,0.5580231346,1.1242154235,1.64468142,2.0976725088,2.8056128988
12,6,10,1.1e-09,4.012e-07,200,BFGS,2.6015e-06,6.347e-07,5.001e-07,4.012e-07,9.655e-07,1.1e-09,1.4445e-06,1.1361e-06,6.8417e-06,8.0928e-06,5.79405e-05,6.54448e-05,0.0009053991,0.0208061939,0.0834745984,0.1831485012,0.532922481,0.7174190966,0.997069229,1.4171120298
12,6,11,5.045e-07,5.65894e-05,250,BFGS,5.045e-07,1.2093e-06,9.315e-07,6.93316e-05,5.65894e-05,6.36597e-05,7.18807e-05,7.52701e-05,6.14404e-05,6.29183e-05,9.63509e-05,0.000246003,0.0007196137,0.0005081002,0.0017071865,0.0038223626,0.0177280949,0.0443946285,0.100401766,0.0997262609
12,6,12,1.773e-07,9.3041e-06,250,BFGS,1.773e-07,1.2192e-06,7.8268e-06,9.852e-07,9.3041e-06,1.25829e-05,0.0001269044,0.0012646608,0.0429549244,0.0981301816,0.3366410057,0.612214472,1.2710365403,1.4971858105,2.7400384262,3.934935591,6.0891316919,8.1574130819,9.3531525538,11.0510051522
12,6,13,5.887e-07,1.0425e-06,250,BFGS,5.9634e-05,6.5604e-05,1.114e-06,9.143e-07,1.0425e-06,1.5018e-06,1.419e-06,2.4754e-06,5.887e-07,2.5783e-06,1.4598e-06,5.041e-06,3.5031e-06,3.55482e-05,0.0003749531,0.0007177716,0.0473519285,0.0930112808,0.1645040445,0.2914037997
12,6,14,7.3e-07,6.318e-06,250,BFGS,1.0057e-06,7.3e-07,7.8346e-06,1.94738e-05,6.318e-06,7.67691e-05,0.0001156065,0.0012815107,0.0342358229,0.1780671503,0.3735974051,0.5752912259,0.5931774301,1.7876190206,2.6657827581,3.8845954129,5.6096184901,8.0623527409,9.8741409554,10.5516598407
12,6,15,6.31e-08,6.921e-07,250,BFGS,0.0053313424,5.559e-07,6.121e-07,6.31e-08,6.921e-07,7.462e-07,3.925e-07,8.636e-07,1.2854e-06,1.2705e-06,7.1692e-06,1.67635e-05,0.0003173563,0.0002821774,0.0150193694,0.0449750487,0.2265989826,0.3796587473,0.9948903046,0.9642091146
12,6,16,6.418e-07,1.4112e-06,250,BFGS,6.05773e-05,1.0325e-06,6.418e-07,2.2077e-06,1.4112e-06,1.6203e-06,3.601e-06,6.7083e-06,1.72824e-05,0.000104562,0.0009675573,0.0147137624,0.0232039986,0.1556182047,0.0981142614,0.4152768217,0.8609873852,1.0724054664,1.7810846178,2.4024450906
12,6,17,6.14076e-05,0.6511739215,250,BFGS,0.1527244436,6.14076e-05,0.1017095182,0.626220286,0.6511739215,0.999691393,1.2579738427,1.5416902526,2.1274881834,2.7933222216,3.1406712047,3.8601682659,5.6836987103,6.0980118441,7.7924046229,8.1510835074,12.5520892128,13.4975651242,17.1938926064,18.2822089737
12,6,18,4.094e-07,2.1835e-06,250,BFGS,2.0602e-06,8.1955e-06,9.829e-07,4.094e-07,2.1835e-06,1.19307e-05,5.57662e-05,1.10668e-05,0.0006931492,0.0013074628,0.0585656417,0.1573263709,0.231953274,0.6813207712,0.9374864937,1.805658823,3.0530661835,3.5037372183,4.6557282981,5.6978274047
12,6,19,8.19755e-05,0.1308719534,250,BFGS,8.19755e-05,0.0001097666,0.001656435,0.1391592293,0.1308719534,0.030143258,0.0853057511,0.1335417899,0.288430042,0.3174943373,0.556866125,0.6088742618,0.8255347909,1.1762766333,1.5967506022,1.7052157611,2.4023169965,2.9925616184,3.8623365868,4.2962297722
12,7,0,1e-10,1.31e-08,200,BFGS,3e-10,3.86e-08,5.3e-09,1.31e-08,6e-10,2e-10,2.7e-09,1e-10,1e-10,3.75e-08,2e-10,2.9e-09,1.37e-08,3.96e-08,7.406e-07,1.0036e-06,0.0002152874,0.0021497913,0.6507745961,29.0591105519
12,7,1,1.4495e-06,3.12904e-05,200,BFGS,1.4495e-06,0.0004496305,0.0096200154,3.12904e-05,0.0012934098,0.0133746039,0.0315714032,0.0373234085,0.0790573293,0.1016959072,0.1592716085,0.2825173784,0.346577196,0.4467313149,0.6406854685,0.8596382893,0.9848788708,1.1902966133,1.6490290069,1.9120982125
12,7,2,1e-10,1.67e-08,200,BFGS,8.4e-09,6.05e-08,5e-10,1.67e-08,4.56e-08,1e-10,5e-10,2e-10,1e-10,5.4e-09,2.85e-08,8.58e-08,1.11e-08,3.2e-09,1.8e-09,1.3825e-06,5.32057e-05,0.0062755466,0.5529937829,11.3396498348
12,7,3,1e-10,1e-10,250,BFGS,1.67e-08,2e-10,6.9e-09,7.4e-09,1e-10,2e-10,1.73e-08,2e-10,1.7e-09,1e-10,2.2e-09,5.41e-08,4.9e-09,1.1e-09,1.1e-09,2.7771e-06,9.2107e-06,0.0020250186,2.2376141535,8.3016055312
12,7,4,3.1e-09,1.4632e-06,200,BFGS,3.1e-09,1.4437e-06,1.5388e-06,1.4632e-06,1.463e-06,0.0001185706,0.0002503179,0.0001974007,0.0003361274,0.0012833594,0.0215403499,0.0304847278,0.0369173295,0.0606019073,0.132956161,0.1786944336,0.5030178703,0.3398968446,0.4699669296,0.5015962232
12,7,5,2e-10,1.8396e-06,200,BFGS,1.4663e-06,1.4626e-06,1.4639e-06,1.8396e-06,1.27e-08,1.4621e-06,1.4599e-06,1.9e-09,2e-10,7.24e-08,2e-10,3e-10,1.1e-09,1.9e-09,0.0392161756,1.897e-07,0.0371639755,0.0346923751,0.0039061579,0.0354328227
12,7,6,1e-10,1e-10,200,BFGS,1e-10,1.52e-08,1.46e-08,1e-10,1.71e-08,5.9e-09,1e-10,2e-10,3e-10,2e-10,1.3e-09,2.5e-09,2.056e-07,1.11e-08,1.72e-06,1.1898e-06,5.42516e-05,0.0010278621,0.5411049265,5.9111468019
12,7,7,2e-10,5e-10,250,BFGS,2.459e-06,2.808e-07,2.26e-08,6.01e-08,5e-10,1.6e-09,2e-10,1.9e-09,2e-10,2e-10,2e-10,9e-10,6.5e-09,1.93e-08,8.69e-07,1.6078e-06,3.38453e-05,0.0022005791,0.2802718835,9.3563873611
12,7,8,1e-10,2e-10,200,BFGS,0.0006925097,1.2e-08,2e-10,2e-10,4.9e-09,2e-10,2e-10,1e-10,2.01e-08,4.55e-08,1.41e-08,1.62e-08,1.58e-08,7.64e-08,2.895e-07,2.787e-07,3.93195e-05,0.0001432504,0.1561464743,10.9784683084
12,7,9,1e-10,8e-10,200,BFGS,0.0035616694,5e-10,3.5e-09,8e-10,2e-10,1e-10,1e-10,2e-10,1.74e-08,2.7e-08,8e-10,5.9e-08,1.9e-09,3.78e-08,8.243e-07,2.4704e-06,1.14222e-05,0.0070609019,0.5629448089,9.8595843872
12,7,10,2e-10,2.36e-08,200,BFGS,4.9413e-06,2e-10,4.9e-09,2.36e-08,1.48e-08,2e-10,2.714e-07,3.9e-09,2e-10,6.465e-07,2.8e-09,1.63e-08,3.77e-08,1.46e-08,2.453e-07,2.493e-07,7.71083e-05,0.0012930495,0.2138867155,3.4327969194
12,7,11,1e-10,1.1e-09,250,BFGS,1.4695e-06,9e-10,7.4e-09,9.33e-08,1.1e-09,1e-10,8e-10,1e-10,3e-10,2e-10,9e-10,1.23e-08,5.9e-09,1.095e-07,1.16e-08,2.7145e-06,2.7304e-06,0.0028834471,0.1407573902,5.3086965274
12,7,12,1e-10,1.6e-09,200,BFGS,0.0444622271,5e-10,6.21e-08,1.6e-09,2.3e-09,1e-10,4.3e-09,1.93e-08,2e-10,3.3e-09,3e-10,5.8e-08,1.6e-09,2e-09,1.029e-07,5.792e-07,0.0001053641,0.0412071882,1.727651555,8.9562904378
12,7,13,4.8e-09,1.4626e-06,250,BFGS,4.8e-09,2.2557e-06,2.9246e-06,1.4609e-06,1.4626e-06,1.4616e-06,1.4668e-06,1.496e-06,1.5947e-06,1.8724e-06,3.9275e-06,6.4165e-06,2.85364e-05,7.13485e-05,8.31241e-05,0.0007578845,0.0217397385,0.0045830978,0.0139477941,0.0214638655
12,7,14,1e-10,2e-10,300,BFGS,7.08e-08,7.4e-09,1.25e-08,2.51e-08,1e-10,2e-10,1.6e-09,2.6e-09,1.5e-09,4.8e-09,2e-10,9e-10,1.18e-08,1.07e-08,6.905e-07,6.908e-07,0.0001171731,0.0050083028,34.5525399627,46.8855828868
12,7,15,1e-10,2.1211e-06,200,BFGS,4.9e-09,7.5e-09,1.4625e-06,2.1211e-06,1.72e-08,1.64e-08,1.35e-08,1e-10,1.28e-07,1e-10,8e-10,9.06e-08,1.27e-08,1.5e-09,1.053e-07,1.1e-09,8.617e-07,9.24232e-05,0.0008074396,0.0133879817
12,7,16,4e-10,1.855e-06,250,BFGS,4e-10,1.4557e-06,1.4631e-06,1.6874e-06,1.855e-06,1.4612e-06,1.4633e-06,1.4514e-06,1.463e-06,1.4613e-06,1.5572e-06,2.5242e-06,7.5606e-06,1.34229e-05,2.32503e-05,7.28037e-05,0.0001996476,0.0005667726,0.0014392531,0.0024083502
12,7,17,1e-10,1.02e-08,250,BFGS,8.74529e-05,1.1021e-06,2.1e-09,3.18e-08,1.02e-08,8.7e-09,1.6e-08,9.61e-08,5.6e-09,2e-10,1e-10,5e-10,3e-10,1.02e-08,1.68e-08,1.438e-07,1.3758e-06,0.0001420671,0.0050953548,0.0185227034
12,7,18,1e-10,5e-10,200,BFGS,1.7e-09,4e-10,5.05e-08,5e-10,1e-10,1e-10,1e-10,2e-10,1.42e-08,5e-10,1e-10,9.4e-09,6.24e-08,3.37e-08,2.865e-07,3.4452e-06,8.356e-06,0.0005502475,0.1836988414,17.1609589759
12,7,19,1e-10,2e-10,200,BFGS,3e-10,1.13e-08,1.8e-09,2e-10,1e-10,1e-10,1e-10,2e-10,6.286e-07,1e-10,3e-10,2.46e-08,1.17e-08,6.1e-08,8.73e-08,3.5749e-06,1.02363e-05,0.0024975914,3.5053161315,27.6789141677
13,6,0,0.0002067596,0.0010619318,400,BFGS,0.0007382706,0.0004521293,0.0006465516,0.0006047347,0.0007517826,0.0005260325,0.0005423746,0.0010619318,0.0002067596,0.0004891077,0.0010007428,0.0007100752,0.0006146404,0.0036600711,0.0324418657,0.0624621617,0.2822073435,0.2821915713,0.2821774238,0.2821049566
13,6,1,6.5328e-05,0.0009878575,450,BFGS,0.0003384989,0.0004053876,0.0009618388,0.0005924172,0.0009071484,0.000678237,0.0012073378,0.00084248,0.0009878575,0.0007941753,0.0005221761,0.0006102677,0.0009761486,0.0302619159,0.0304767025,0.030434495,0.0303698388,0.0302893702,0.0302450734,0.0300643718
13,6,2,0.0002662217,0.0014636609,350,BFGS,0.0004301028,0.0002662217,0.0005358399,0.0005657075,0.0006047545,0.0003880114,0.0014636609,0.0003644095,0.0005812001,0.0006643753,0.0008498536,0.0005103533,0.0007271623,0.0003116502,0.0007366905,0.0006238655,0.0006896458,0.0007462899,0.017450196,0.0505490664
13,6,3,0.00025473,0.0005825856,400,BFGS,0.0008341943,0.0004900979,0.0006784979,0.0005640281,0.0008608811,0.00025473,0.0008295616,0.0005825856,0.0007410578,0.0005650976,0.0005932195,0.0003916977,0.0005572824,0.0006592734,0.0006705426,0.0007635621,0.0007444119,0.0103386695,0.0143097929,0.1097537352
13,6,4,0.0003037718,0.0005416253,400,BFGS,0.0005461576,0.0011030172,0.0008662624,0.0004479583,0.0004095361,0.000888494,0.0005176548,0.0005416253,0.0003037718,0.0006526513,0.0003375514,0.0004282873,0.0009250782,0.0006928614,0.0004871221,0.0006422833,0.0007657429,0.0113275427,0.0184779119,0.1609957852
13,6,5,0.0003689002,0.0008258273,400,BFGS,0.0005354125,0.0012185097,0.0005839624,0.0008157892,0.0003937569,0.0006023139,0.0006519436,0.0008258273,0.0003689002,0.0006973817,0.0008224914,0.0006419633,0.0005252117,0.000669094,0.0006626381,0.0008288591,0.0011523764,0.0520289425,0.0420232875,0.1754275132
13,6,6,6.80348e-05,0.0004875899,400,BFGS,9.64138e-05,0.0008049711,0.0006386272,0.0007647822,0.0004114745,0.0005677383,0.0003519876,0.0004875899,0.000815327,0.0004802034,0.0004438003,0.0002722113,0.0003280528,0.000256066,0.0002169312,0.000175297,9.64652e-05,9.54202e-05,0.0001004728,9.64138e-05
13,6,7,0.0002150369,0.0004770335,400,BFGS,0.0004775108,0.000459248,0.000813255,0.0002150369,0.0006880491,0.0005085443,0.0006938174,0.0004770335,0.000545797,0.0006498032,0.0006915318,0.0006758484,0.0005269697,0.000562406,0.0005092183,0.0004272029,0.0220744049,0.0202811221,0.0929382711,0.0931534079
13,6,8,0.0001709708,0.0004741647,550,BFGS,0.0006740512,0.000474499,0.000936654,0.0005652795,0.0006309348,0.0006133395,0.0003872142,0.0005802235,0.000924989,0.0009132955,0.0004741647,0.0008513466,0.0007360124,0.0004923759,0.0003569505,0.0005890182,0.0004254241,0.0009362436,0.0287726475,0.0321517202
13,6,9,0.0002046099,0.0004255104,450,BFGS,0.0006958061,0.0007856937,0.0006673843,0.000525094,0.0007241638,0.0006813535,0.0012711992,0.0002046099,0.0004255104,0.0008232848,0.0006207126,0.000714011,0.0007132973,0.0002274428,0.0007236163,0.0007376177,0.0007961716,0.0016171511,0.0010568857,0.0091233543
13,6,10,0.0002151779,0.0006156832,400,BFGS,0.0005528283,0.0006993396,0.0006728588,0.0015191937,0.0006034515,0.0008481958,0.0006180612,0.0006156832,0.0002151779,0.0004538034,0.0003423007,0.001235561,0.0007375174,0.0012850504,0.0019756903,0.0069299933,0.0070536485,0.0069036038,0.0068628079,0.0068461221
13,6,11,0.0003390938,0.0007020837,400,BFGS,0.1367148697,0.0003803111,0.0005025093,0.0007445679,0.0005251546,0.0005026993,0.0006423251,0.0007020837,0.0003964112,0.0004071669,0.0007682526,0.0005570629,0.0006523147,0.0007909712,0.0003390938,0.0009853667,0.0010798169,0.0014434095,0.0224040054,0.1367148697
13,6,12,4.05732e-05,0.0005158296,450,BFGS,0.0009601502,0.0005989151,0.0003003797,0.0006914135,0.001210565,0.0004902151,0.000449934,0.0010866705,0.0005158296,0.0004802587,0.0003319446,0.0004723253,0.0007719431,0.0006884218,0.0007504625,0.0009236746,0.000578327,0.0009328864,0.0012901514,0.0202655478
13,6,13,0.0002172808,0.0003624302,400,BFGS,0.0006096236,0.0008319747,0.0003008377,0.000541344,0.0010999852,0.000342542,0.0007325114,0.0003624302,0.0004801375,0.0004971406,0.0008097863,0.0007290741,0.0005084363,0.0012565468,0.0002172808,0.0008171105,0.0003354734,0.0005001491,0.0014656139,0.0080412301
13,6,14,0.0003978771,0.0008713046,400,BFGS,0.0008049774,0.0008868991,0.0006527882,0.0004953464,0.0004804924,0.0004203033,0.0004756187,0.0008713046,0.0005354573,0.0007071443,0.000773596,0.0010554104,0.0007886199,0.0009968378,0.0005136218,0.0003978771,0.00097501,0.0025005571,0.0230456549,0.0684866419
13,6,15,0.0003284502,0.0006023031,300,BFGS,0.0007336492,0.0008208943,0.0003938009,0.0003874603,0.0007584719,0.0006023031,0.0006519946,0.0011436309,0.000630862,0.0009119217,0.0006831194,0.0011102312,0.0003284502,0.0007688411,0.0008913199,0.0008463415,0.0006645839,0.0012929186,0.0076940901,0.0141603197
13,6,16,0.0001652615,0.000611211,400,BFGS,0.000681471,0.0008720979,0.0004180817,0.0004274178,0.0007281998,0.0008358036,0.0009995541,0.000611211,0.0007602837,0.0005881372,0.0001652615,0.0005891908,0.0006775063,0.0006892578,0.0004583544,0.0004557202,0.0004939767,0.0012355896,0.0006885184,0.0135423678
13,6,17,0.0002100287,0.0004396405,400,BFGS,0.0010899694,0.0006982303,0.0004167081,0.0007372519,0.0007282581,0.0004452562,0.000511237,0.0004396405,0.0004763693,0.0008441131,0.000644706,0.0002100287,0.0008415686,0.0006496378,0.0006084725,0.0007133867,0.0102193421,0.366784876,2.588739774,12.0535501303
13,6,18,0.0003299741,0.0008480112,300,BFGS,0.0006913599,0.0006143309,0.0010103621,0.0006589556,0.0003980938,0.0008480112,0.0004701915,0.001250097,0.0006535039,0.0003299741,0.0009327815,0.0005991821,0.0008302582,0.0006313641,0.0007628731,0.0007033752,0.0006733453,0.0036289313,0.0130891474,0.0703992324
13,6,19,0.0003499392,0.0015979734,350,BFGS,0.0005890571,0.0006268291,0.0003499392,0.0005305827,0.0004820753,0.0009235248,0.0015979734,0.0004600198,0.000561481,0.0006559802,0.0008931996,0.0008179206,0.0007226035,0.0004156653,0.0004444512,0.0006420129,0.0019755888,0.0055498858,0.1987523033,0.5204191647
13,7,0,0.0003190859,0.000980379,400,BFGS,0.001302819,0.0013442527,0.0005413451,0.0009844006,0.0007029391,0.0006003396,0.0006194952,0.000980379,0.0003190859,0.0007886753,0.0006625719,0.000770712,0.0007496519,0.0005831332,0.0006664722,0.0006447844,0.0007665744,0.0042377742,0.0916513895,1.4800462174
13,7,1,0.0003363835,0.0010040344,400,BFGS,0.001329703,0.0013336139,0.0003363835,0.0009180398,0.0005481682,0.0006905097,0.0008257362,0.0010040344,0.001519299,0.0004565068,0.0004922218,0.0006715606,0.0015120224,0.0009094353,0.0082669569,0.1596462561,0.001576325,0.033054208,0.1580387114,0.158612358
13,7,2,0.0001694962,0.0014555938,400,BFGS,0.0013655547,0.0001694962,0.0015775099,0.0010318685,0.0005981455,0.0014119693,0.0009631732,0.0014555938,0.0013826113,0.000660166,0.000497296,0.0008186133,0.0018724792,0.0015556182,0.0006587096,0.0012061996,0.0012526647,0.0022827298,0.0478912508,0.1967333264
13,7,3,1.90396e-05,0.0004829926,450,BFGS,0.0003033303,0.0013272023,0.0019526583,0.0003875917,0.0012676735,0.0007258019,0.0009726004,0.0005415293,0.0004829926,0.0010230645,0.000180575,0.000291093,0.0005520555,0.0003843613,0.000453805,0.0003231997,0.0001465871,0.0002158725,0.0001432928,0.0001358589
13,7,4,0.0002937883,0.0007534806,300,BFGS,0.0015030528,0.0005850716,0.001087483,0.0009296228,0.001081352,0.0007534806,0.0007303139,0.000368631,0.0020843453,0.0002937883,0.0008991788,0.0026515708,0.0007899456,0.0009537183,0.0713537971,0.0904993786,0.0063749971,0.1655007146,0.4870740527,0.5744270552
13,7,5,0.0003818025,0.0003818025,400,BFGS,0.001103186,0.0011893827,0.0011554638,0.0010426179,0.0011529317,0.0014412948,0.0015036616,0.0003818025,0.0011022422,0.0014055775,0.0006078714,0.0011399966,0.0013200024,0.0007211473,0.000991867,0.0005204518,0.0032799539,0.0105426344,0.1645462179,0.5463685237
13,7,6,0.0005625345,0.0012520943,400,BFGS,0.0009544096,0.0008946242,0.002486249,0.0021532321,0.0011089288,0.0026170527,0.0005625345,0.0012520943,0.0010283067,0.0012246137,0.0020681931,0.028982334,0.0294144181,0.0296038029,0.0296667397,0.0296565081,0.0296418641,0.0296300385,0.029630328,0.0296178823
13,7,7,0.0003281114,0.0015993867,400,BFGS,0.0004803757,0.0014387663,0.0017129398,0.0006356187,0.0011660058,0.0009312252,0.0003784426,0.0015993867,0.0010897159,0.0010282793,0.0013832994,0.0008612469,0.0015281443,0.0003281114,0.0013482922,0.0018780706,0.0273077928,0.0268800159,0.0267481892,0.0267017486
13,7,8,0.0002658171,0.0007317228,400,BFGS,0.0015726466,0.0017310612,0.0002915731,0.0005565403,0.0009261871,0.0007934406,0.0009765644,0.0007317228,0.0004499006,0.0007447407,0.0002658171,0.0010805741,0.0016881593,0.0004888013,0.0011594434,0.0008229244,0.0023933836,0.062869926,0.8951949965,3.4868952352
13,7,9,0.0002250533,0.0007002558,400,BFGS,0.0013598169,0.0005443765,0.001218893,0.00089674,0.0002250533,0.0004052337,0.0014634424,0.0007002558,0.0010126822,0.0005682938,0.000496014,0.0006971502,0.0029819601,0.2230574652,0.2229375684,0.2228696888,0.2228670865,0.2228600092,0.2228349834,0.2227924561
13,7,10,0.0004523103,0.0005354882,300,BFGS,0.0015540061,0.0010296874,0.0021233417,0.0007394521,0.0007316829,0.0005354882,0.0006836981,0.0005005451,0.0015660369,0.0007763056,0.0012823063,0.0004523103,0.000617849,0.0011551139,0.001140067,0.0013013305,0.002053326,0.0608817496,0.0994371931,0.4132765431
13,7,11,0.0002959303,0.0009075818,400,BFGS,0.0009641036,0.0007265529,0.0004674744,0.0005477527,0.0002959303,0.0009593226,0.0013959321,0.0009075818,0.0015624211,0.0007496512,0.0009761373,0.0011685446,0.0003514154,0.0016293207,0.0028815734,0.0014708764,0.0010655336,0.0020505857,0.0784049993,0.8413076127
13,7,12,0.000341644,0.0012207626,450,BFGS,0.0012603632,0.0009719913,0.0011920244,0.000341644,0.0012100326,0.0011494819,0.0004127853,0.0021089926,0.0012207626,0.0007538503,0.001699913,0.0007193819,0.0015395262,0.0017389216,0.0013577503,0.0008500175,0.001371929,0.0011221017,0.0450193984,0.2124376437
13,7,13,0.0003125944,0.0003125944,450,BFGS,0.0015621759,0.0016759615,0.0010840368,0.0011417542,0.0013634108,0.0013025951,0.0013132053,0.001592149,0.0003125944,0.0008046786,0.0006843175,0.0011717922,0.0014159506,0.0008973928,0.0008400891,0.0007393147,0.0071858654,0.0015683896,0.0144010007,0.0128475513
13,7,14,0.0002206417,0.0009899957,450,BFGS,0.0006851391,0.0002206417,0.0010589959,0.0011337664,0.0011824626,0.0009884475,0.0009679624,0.0009101687,0.0009899957,0.0017669736,0.0011673304,0.0007835367,0.0016809503,0.0014036589,0.0014162558,0.0007244967,0.0010678441,0.0055720098,0.0103191201,0.5712014507
13,7,15,0.0004415893,0.0009705445,400,BFGS,0.0009160279,0.0007115402,0.0006507474,0.0016656133,0.0008410265,0.0010928373,0.0009309178,0.0009705445,0.0016662426,0.0004870907,0.0013172488,0.0005895107,0.0008422928,0.0014465431,0.0009832989,0.0033313981,0.0010504642,0.0004415893,0.0020846432,0.0157904008
13,7,16,0.0001549837,0.0013283318,300,BFGS,0.0008777484,0.0015505614,0.0015872735,0.0009043619,0.0012818074,0.0013283318,0.0015801408,0.0014213838,0.0016694595,0.0010681681,0.0020984539,0.0007416553,0.0013081176,0.0001549837,0.0025610702,0.0033375288,0.0016652979,0.0012051795,0.0011308179,0.0031781564
13,7,17,0.0005846917,0.0009893594,400,BFGS,0.0005846917,0.0010605311,0.0017324884,0.0021158527,0.0017446775,0.0017921468,0.0008262928,0.0009893594,0.0008107876,0.0014412242,0.0013545153,0.003944118,0.0011374062,0.0015091681,0.0009966247,0.0063330851,0.0067709957,0.1107051608,1.7261894328,7.2115162614
13,7,18,0.000292558,0.0007120984,400,BFGS,0.0015683042,0.0008471067,0.0011226771,0.0018596825,0.0010645236,0.0012348158,0.0008095368,0.0007120984,0.0006880675,0.0012140424,0.0014811267,0.0008908929,0.000292558,0.0010798714,0.0005490125,0.0006128372,0.0008015194,0.0071928041,0.1238728785,0.1135891679
13,7,19,0.0002671253,0.0004262755,350,BFGS,0.0003005749,0.0013237452,0.0009446365,0.0016374604,0.0015582908,0.0019667816,0.0004262755,0.0005148824,0.0003067839,0.0011596638,0.0017722364,0.0005640501,0.0008850186,0.0029544035,0.0012411832,0.0002671253,0.000427569,0.0007183418,0.0004094844,0.0013128672
14,6,0,8.03e-08,1.1586e-06,200,BFGS,1.05016e-05,1.641e-06,6.433e-07,1.1586e-06,7.867e-07,3.1592e-06,1.3465e-06,3.8133e-06,6.3318e-06,2.565e-07,1.05016e-05,3.6716e-06,3.0002e-06,1.05016e-05,1.05016e-05,1.05016e-05,1.05016e-05,1.05016e-05,1.07526e-05,1.05016e-05
14,6,1,1.649e-07,7.7586e-06,350,BFGS,1.56505e-05,3.1848e-06,1.56505e-05,1.649e-07,4.7595e-06,3.5971e-06,7.7586e-06,2.2758e-06,5.3475e-06,2.3009e-06,3.2383e-06,1.3534e-06,2.1104e-06,3.5428e-06,1.70023e-05,1.56505e-05,1.4428e-05,1.56505e-05,1.56505e-05,1.56505e-05
14,6,2,4.402e-07,1.9105e-06,350,BFGS,3.4371e-06,3.4371e-06,4.402e-07,3.8448e-06,2.1381e-06,2.2341e-06,1.9105e-06,2.4526e-06,1.5162e-06,4.579e-07,5.0618e-06,1.13372e-05,1.30058e-05,3.4371e-06,3.4371e-06,1.7574e-06,4.3021e-06,3.4371e-06,3.4371e-06,3.4371e-06
14,6,3,2.538e-07,1.976e-06,150,BFGS,1.40395e-05,2.581e-06,1.976e-06,2.1717e-06,7.489e-07,3.3935e-06,3.169e-06,1.8786e-06,1.6406e-06,1.6097e-06,2.0299e-06,2.07488e-05,1.01656e-05,1.54304e-05,4.799e-06,1.64883e-05,1.47939e-05,1.42125e-05,1.37667e-05,1.40395e-05
14,6,4,1.677e-07,3.6245e-06,300,BFGS,4.99939e-05,3.439e-06,1.418e-06,2.217e-06,2.0377e-06,3.6245e-06,8.341e-07,1.3367e-06,8.2156e-06,5.788e-07,1.4218e-06,3.1555e-06,8.1529e-06,1.3901e-05,3.73393e-05,2.5782e-05,4.99939e-05,4.99939e-05,4.99939e-05,4.99939e-05
14,6,5,2.071e-07,7.155e-07,150,BFGS,1.3666e-06,1.3666e-06,7.155e-07,4.0034e-06,2.6984e-06,3.349e-06,3.4427e-06,7.649e-07,1.0957e-06,5.225e-07,1.6563e-06,4.0463e-06,2.071e-07,1.4409e-06,1.3666e-06,4.0181e-06,1.3666e-06,1.9065e-06,1.3666e-06,1.3666e-06
14,6,6,2.733e-07,3.122e-06,300,BFGS,9.217e-07,9.217e-07,1.8158e-06,1.4768e-06,9.909e-07,3.122e-06,3.5702e-06,1.1744e-06,3.6635e-06,3.6859e-06,3.7424e-06,7.1124e-06,7.1454e-06,4.2872e-06,1.8776e-06,2.3793e-06,9.217e-07,1.3499e-06,9.217e-07,9.217e-07
14,6,7,5.223e-07,1.1047e-06,400,BFGS,1.0489e-06,1.1294e-06,3.4675e-06,4.3482e-06,4.3079e-06,2.1976e-06,2.5062e-06,1.1047e-06,1.1627e-06,2.6188e-06,2.9444e-06,5.5929e-06,1.0489e-06,4.3815e-06,3.1904e-06,1.8098e-06,1.0489e-06,1.2467e-06,1.0489e-06,1.0489e-06
14,6,8,4.991e-07,3.399e-06,150,BFGS,6.8482e-06,6.8482e-06,3.399e-06,3.5532e-06,4.991e-07,3.039e-06,3.2276e-06,2.5926e-06,3.2629e-06,1.1798e-06,3.2207e-06,2.5117e-06,3.6443e-06,3.447e-06,3.9185e-06,6.8482e-06,6.8482e-06,8.2303e-06,6.8482e-06,6.8482e-06
14,6,9,3.183e-07,3.4688e-06,300,BFGS,3.0669e-06,3.0669e-06,1.841e-06,3.6515e-06,2.7497e-06,3.4688e-06,1.69e-06,5.3276e-06,1.9442e-06,3.183e-07,2.5484e-06,3.4548e-06,1.6092e-06,3.0669e-06,3.0669e-06,3.0669e-06,3.0669e-06,3.0669e-06,3.0669e-06,3.0669e-06
14,6,10,4.795e-07,5.9722e-06,150,Non-elitist,5.9722e-06,2.1495e-06,5.9722e-06,3.3301e-06,3.6789e-06,2.5614e-06,3.4383e-06,2.5919e-06,3.1786e-06,3.128e-06,4.6013e-06,3.0382e-06,2.1533e-06,5.9722e-06,3.9115e-06,5.9722e-06,5.9722e-06,5.9722e-06,5.9722e-06,5.9722e-06
14,6,11,1.1293e-06,3.4906e-06,300,BFGS,1.5412e-06,2.6163e-06,2.1884e-06,3.9215e-06,5.0947e-06,3.4906e-06,2.1982e-06,3.8939e-06,1.5412e-06,1.5412e-06,1.5412e-06,4.1609e-06,1.1293e-06,1.5412e-06,3.3729e-06,2.4923e-06,1.5412e-06,1.1911e-06,1.5412e-06,1.5412e-06
14,6,12,9.145e-07,3.081e-06,250,BFGS,2.39779e-05,2.39779e-05,3.5349e-06,1.4539e-06,3.081e-06,1.2135e-06,1.772e-06,2.1404e-06,3.058e-06,1.5959e-06,1.1578e-06,1.9682e-06,2.16979e-05,2.39779e-05,2.39779e-05,2.39779e-05,2.39779e-05,1.92313e-05,2.38074e-05,2.39779e-05
14,6,13,4.05e-07,5.0165e-06,300,BFGS,2.5546e-06,8.683e-07,2.5546e-06,1.6633e-06,3.1004e-06,5.0165e-06,3.5456e-06,1.363e-06,3.552e-06,9.73e-07,2.712e-06,3.701e-06,3.2715e-06,2.5546e-06,2.8502e-06,5.3082e-06,3.9146e-06,2.0024e-06,2.5546e-06,2.5546e-06
14,6,14,8.591e-07,2.9272e-06,300,BFGS,2.34901e-05,2.34901e-05,1.9582e-06,1.3208e-06,2.0443e-06,2.9272e-06,3.0401e-06,2.9009e-06,3.5674e-06,3.9547e-06,1.8596e-06,3.6046e-06,3.0372e-06,3.6907e-06,4.385e-06,2.87445e-05,1.66276e-05,2.34901e-05,2.34901e-05,2.34901e-05
14,6,15,5.232e-07,5.232e-07,250,BFGS,3.3124e-06,1.3765e-06,3.3372e-06,2.309e-06,5.232e-07,1.9064e-06,1.2776e-06,3.9086e-06,1.0942e-06,2.27e-06,3.5812e-06,1.074e-06,7.498e-07,3.3124e-06,4.6753e-06,3.3124e-06,3.6134e-06,3.8362e-06,2.359e-06,3.3124e-06
14,6,16,5.161e-07,5.434e-07,250,BFGS,2.0116e-06,1.4371e-06,1.0872e-06,1.1936e-06,5.434e-07,2.1276e-06,4.0674e-06,1.962e-06,1.8982e-06,9.76e-07,1.0876e-06,2.9759e-06,4.8849e-06,4.5335e-06,2.2148e-06,2.6012e-06,2.2148e-06,3.1452e-06,2.2148e-06,2.2148e-06
14,6,17,2.006e-07,3.867e-07,150,BFGS,5.7061e-06,1.0718e-06,3.867e-07,8.878e-07,1.4144e-06,2.0653e-06,3.0727e-06,4.462e-06,8.017e-07,7.6732e-06,2.2041e-06,1.3838e-06,6.01e-07,2.47977e-05,5.7061e-06,6.1507e-06,5.7061e-06,5.7061e-06,5.7061e-06,5.7061e-06
14,6,18,1.696e-07,5.725e-07,300,BFGS,1.1935e-06,1.696e-07,1.7163e-06,2.1835e-06,9.006e-07,5.725e-07,1.3567e-06,3.3489e-06,1.5034e-06,6.7928e-06,1.7235e-06,2.9628e-06,1.3249e-06,2.13098e-05,8.8507e-06,8.8507e-06,1.45396e-05,9.1487e-06,1.15454e-05,8.8507e-06
14,6,19,5.345e-07,3.5343e-06,200,BFGS,6.6124e-06,6.6124e-06,2.2103e-06,3.5343e-06,1.4961e-06,7.1e-07,2.5811e-06,8.255e-07,3.1306e-06,2.0623e-06,5.4831e-06,1.7619e-06,5.3735e-06,1.4627e-06,6.6124e-06,6.6124e-06,7.2125e-06,5.4629e-06,5.5351e-06,6.6124e-06
14,7,0,3.874e-07,4.6397e-06,300,BFGS,5.5239e-06,5.5239e-06,5.5239e-06,3.2586e-06,2.2935e-06,4.6397e-06,2.8037e-06,6.8392e-06,5.4569e-06,4.2452e-06,7.1705e-06,3.7778e-06,3.2145e-06,4.178e-06,5.2143e-06,5.5239e-06,5.5239e-06,5.5756e-06,4.7193e-06,5.5239e-06
14,7,1,4.087e-07,2.765e-06,450,BFGS,4.6458e-06,4.6458e-06,4.6458e-06,4.6458e-06,4.6458e-06,4.6458e-06,4.6458e-06,1.28e-06,2.765e-06,4.6458e-06,1.1484e-06,3.4703e-06,2.8607e-06,1.11441e-05,4.6458e-06,4.6458e-06,4.6458e-06,4.6458e-06,4.6458e-06,4.6458e-06
14,7,2,2.694e-07,2.9623e-06,300,BFGS,5.8349e-06,5.8349e-06,2.5449e-06,5.8349e-06,3.4174e-06,2.9623e-06,5.214e-07,2.7418e-06,1.6899e-06,1.6046e-06,1.7117e-06,4.1332e-06,2.3736e-06,2.4137e-06,3.3109e-06,5.8349e-06,5.8349e-06,5.8349e-06,6.8235e-06,5.8349e-06
14,7,3,4.364e-07,2.8795e-06,300,BFGS,1.83376e-05,1.83376e-05,9.849e-07,1.2481e-06,2.8902e-06,2.8795e-06,1.9972e-06,2.6674e-06,2.5487e-06,1.83376e-05,1.117e-06,2.7875e-06,2.0127e-06,3.0324e-06,8.36e-07,1.51127e-05,1.83376e-05,9.2714e-06,1.83376e-05,1.83376e-05
14,7,4,5.359e-07,5.3393e-06,150,Non-elitist,1.9701e-06,2.697e-06,5.3393e-06,1.5194e-06,3.2417e-06,1.4522e-06,1.1095e-06,0.0001222672,6.9169e-06,5.3393e-06,5.3393e-06,5.359e-07,2.7606e-06,1.57227e-05,5.4369e-06,4.9117e-06,5.3393e-06,5.3393e-06,5.3393e-06,5.3393e-06
14,7,5,1.035e-07,2.4321e-06,150,BFGS,7.7197e-06,7.7197e-06,2.4321e-06,3.1958e-06,2.5592e-06,7.568e-07,2.2892e-06,3.126e-06,2.9986e-06,2.3806e-06,1.9969e-06,1.035e-07,1.9332e-06,1.51782e-05,7.7197e-06,8.8265e-06,7.9526e-06,7.7197e-06,7.0546e-06,7.7197e-06
14,7,6,6.73e-07,1.0998e-06,400,BFGS,6.4734e-06,6.4734e-06,2.2128e-06,2.4198e-06,2.6663e-06,3.2414e-06,5.3274e-06,1.0998e-06,1.1925e-06,2.8877e-06,1.9588e-06,3.9425e-06,2.7179e-06,6.4734e-06,4.4659e-06,6.4734e-06,6.4734e-06,6.4734e-06,6.4734e-06,6.4734e-06
14,7,7,2.353e-07,2.3391e-06,250,BFGS,1.61393e-05,1.61393e-05,2.6611e-06,2.0593e-06,2.3391e-06,1.0901e-06,4.782e-07,2.4142e-06,2.0353e-06,1.3285e-06,2.7024e-06,1.0804e-06,2.0718e-06,1.61393e-05,1.61393e-05,9.3712e-06,7.8055e-06,1.61393e-05,1.61393e-05,1.61393e-05
14,7,8,2.697e-07,3.2904e-06,250,BFGS,1.5067e-06,5.466e-07,2.345e-06,3.2086e-06,3.2904e-06,2.697e-07,2.9285e-06,2.6088e-06,2.3402e-06,1.5067e-06,1.7829e-06,2.4496e-06,1.5067e-06,4.9664e-06,3.4915e-06,1.5067e-06,1.5067e-06,1.7599e-06,1.5067e-06,1.5067e-06
14,7,9,2.958e-07,4.024e-06,250,BFGS,2.207e-06,3.386e-06,2.2395e-06,1.9136e-06,4.024e-06,3.363e-07,2.9028e-06,4.8357e-06,3.0192e-06,3.534e-06,3.1826e-06,2.2814e-06,9.143e-07,2.207e-06,2.207e-06,2.207e-06,2.207e-06,1.4952e-06,2.207e-06,2.207e-06
14,7,10,8.51e-08,2.9453e-06,200,BFGS,1.2683e-06,1.2683e-06,1.2683e-06,2.9453e-06,3.4315e-06,2.9266e-06,6.817e-07,1.2683e-06,2.8441e-06,2.2016e-06,1.6678e-06,4.4213e-06,2.9031e-06,3.6126e-06,5.886e-07,8.41e-07,3.571e-07,1.2683e-06,1.2683e-06,1.2683e-06
14,7,11,3.068e-07,1.1405e-06,350,BFGS,3.0203e-06,3.1761e-06,1.3304e-06,1.434e-06,3.3503e-06,7.984e-07,1.1405e-06,2.7145e-06,3.1821e-06,1.8489e-06,1.737e-06,2.1443e-06,4.3543e-06,3.3503e-06,3.3503e-06,3.3503e-06,3.3503e-06,3.3503e-06,3.3503e-06,3.3503e-06
14,7,12,6.37e-07,2.1829e-06,250,BFGS,3.1312e-06,9.155e-07,6.37e-07,4.7144e-06,2.1829e-06,1.7717e-06,2.526e-06,2.3745e-06,1.0598e-06,2.7095e-06,6.625e-07,2.797e-06,4.6925e-06,3.6345e-06,3.1312e-06,3.1312e-06,3.1312e-06,3.1312e-06,3.1312e-06,3.1312e-06
14,7,13,4.428e-07,4.428e-07,300,BFGS,5.7443e-06,1.4888e-06,2.3183e-06,3.325e-06,5.7443e-06,4.428e-07,5.7443e-06,1.7937e-06,2.939e-06,2.4936e-06,2.1648e-06,2.1387e-06,4.6679e-06,8.72004e-05,7.4661e-06,5.7443e-06,5.7443e-06,5.7443e-06,5.7443e-06,5.7443e-06
14,7,14,1.6e-07,1.7543e-06,350,BFGS,5.9826e-06,3.4524e-06,5.9826e-06,5.425e-07,5.9826e-06,1.9153e-06,1.7543e-06,2.58e-06,3.2553e-06,5.6072e-06,2.4178e-06,1.73e-06,7.361e-06,1.12781e-05,2.2692e-06,5.9826e-06,5.9826e-06,5.9826e-06,5.9826e-06,5.9826e-06
14,7,15,8.459e-07,3.1098e-06,400,BFGS,2.47462e-05,3.2103e-06,8.459e-07,2.2753e-06,1.1321e-06,5.0072e-06,2.3374e-06,3.1098e-06,4.7362e-06,3.011e-06,2.47462e-05,1.0845e-06,3.2203e-06,3.3888e-06,2.47462e-05,2.47462e-05,2.47462e-05,2.47462e-05,2.47462e-05,2.47462e-05
14,7,16,1.833e-07,1.10065e-05,350,Non-elitist,1.7879e-06,3.2891e-06,1.10065e-05,2.9216e-06,2.5226e-06,1.10065e-05,1.10065e-05,2.9515e-06,1.4245e-06,7.533e-07,8.1549e-06,1.7277e-06,5.064e-07,8.5217e-06,8.2866e-06,1.10065e-05,9.8221e-06,1.12297e-05,1.10065e-05,1.10065e-05
14,7,17,2.084e-07,3.2378e-06,250,BFGS,1.2288e-06,1.2288e-06,1.2288e-06,3.1311e-06,3.2378e-06,1.2288e-06,3.7879e-06,3.2947e-06,2.44e-06,1.6696e-06,2.084e-07,2.435e-07,9.825e-07,1.2863e-06,1.2288e-06,1.675e-06,1.2288e-06,1.6305e-06,1.2288e-06,1.2288e-06
14,7,18,1.473e-07,3.122e-07,300,BFGS,8.194e-07,1.1953e-06,1.63649e-05,2.4486e-06,1.0168e-06,3.122e-07,2.774e-06,3.1747e-06,2.6168e-06,2.5365e-06,3.124e-06,3.2723e-06,2.4812e-06,1.63649e-05,1.63649e-05,1.63649e-05,1.53773e-05,2.09129e-05,1.63649e-05,1.63649e-05
14,7,19,1.458e-07,3.4131e-06,250,BFGS,2.2972e-06,1.3512e-06,1.5299e-06,3.0556e-06,3.4131e-06,2.3166e-06,2.9402e-06,3.9992e-06,1.573e-06,4.507e-07,3.221e-07,1.458e-07,7.3904e-06,5.032e-06,2.2972e-06,2.2972e-06,4.3307e-06,4.2096e-06,2.2972e-06,2.2972e-06
15,6,0,0.0,1.9920620281,350,PSO,1.9899181868,1.9899181868,1.9899181868,1.9899181868,1.9899181868,1.9899181868,1.9920620281,1.9899181685,1.9899181142,1.9899181156,1.9899181161,1.9899181868,1.9899181868,1.9899181146,1.9899181251,1.9899433724,1.9899181142,1.9899181142,1.9899181148,1.9899181868
15,6,1,2.9848771713,4.9747902485,350,Non-elitist,4.9747902485,4.9747902485,4.9747902485,4.9747902485,4.9747902485,4.9747902485,4.9747902485,4.9747902485,4.9809013397,4.9766374429,4.9747902485,4.9748036804,4.9747902476,4.9748009416,4.9747921837,4.9747902485,4.9747902476,4.9747902478,4.9747902498,4.9747902485
15,6,2,2.9848771713,2.9848771713,350,Elitist,2.9848771735,2.9848771735,2.9848771735,2.9848771735,2.9848771735,2.9848771735,2.9848771713,2.9848771735,2.9848771713,2.9848771735,2.9848771713,2.9848771713,2.9848771731,2.9849847576,2.9848921456,2.9848802273,2.9848771713,2.9848772347,2.9848771731,2.9848771735
15,6,3,2.9848778274,14.9250702968,350,PSO,6.9647334338,6.9647334338,6.9647334338,6.9647334338,14.936448229,14.9243505462,14.9250702968,14.9243505462,14.9243505462,14.9243505462,6.9647083618,6.9647083618,6.9647083618,6.9771686279,6.9647083618,6.9647083618,6.9647083618,6.96503751,6.964721727,6.9647334338
15,6,4,0.0,18.5560985704,300,BFGS,1.35e-08,1.35e-08,1.35e-08,1.35e-08,18.5560985704,18.5560985704,12.2113368478,1.35e-08,0.0,5.9e-09,0.0,1.1e-09,0.0072943006,1.35e-08,0.0,1.35e-08,3.9256e-06,4.665e-07,6.3e-09,1.35e-08
15,6,5,5.9697493047,5.9697493047,450,BFGS,5.9697493069,5.9697493069,5.9697493069,5.9697493069,5.9697493069,5.9697493069,5.9725798338,5.9697493069,5.9697493047,5.969749305,5.9764260906,5.9713750996,5.9697493069,5.9697493051,5.9697535478,5.9697525752,5.9697493058,5.9697493069,5.9697493063,5.9697493069
15,6,6,1.9899181142,1.9899181142,350,BFGS,1.9899181142,1.9899181142,1.9899181142,1.9899181142,1.9899181142,1.9899181142,1.9899181142,2.0582217415,1.9899181142,1.9899181142,1.9900526781,1.9899181142,1.9899181142,1.9899196796,1.9899184787,1.9899181143,1.9899181142,1.9899181142,1.9899181146,1.9899181142
15,6,7,1.9993622022,6.9647083618,300,BFGS,18.9043128973,18.9043128973,18.9043128973,18.9043128973,6.9647083618,6.9647083618,6.9647083618,6.9647083618,6.9647083618,6.9647083618,6.9647083618,18.9222683753,18.9041972991,18.9041817368,18.9041817368,19.0353094267,18.9042681824,18.9041818349,18.9042198448,18.9043128973
15,6,8,0.9949590571,4.9747902689,300,Elitist,4.9747902607,4.9747902607,4.9747902607,4.9747902607,0.9950020394,4.9747902689,4.9747933066,4.9747903118,4.9747902476,4.98095854,5.0140078042,4.9978479477,4.9747902476,4.9748631594,4.9748236439,4.9748040805,4.9747918077,4.974790249,4.9747902607,4.9747902607
15,6,9,1.9899181142,6.9647083631,400,Non-elitist,6.9647083631,6.9647083631,6.9647083631,4.9747952895,4.9891174744,4.9880890296,4.9809424926,6.9647083631,6.9647083618,6.9961267146,6.9647083623,6.9718801163,6.9654720554,6.9647083618,6.9647577738,6.9647124026,6.9647083618,6.964708362,6.9647083647,6.9647083631
15,6,10,1.9899181162,10.9445395524,300,BFGS,9.9495804963,9.9495804963,9.9495804963,9.9495804963,10.9445395524,10.9445395524,9.9495804953,9.9495804957,9.9495804953,9.9495804953,9.9495804953,9.9495804953,9.9495804953,9.9495804957,9.9495804953,9.9495804953,9.9495804953,9.9495804953,9.9495804955,9.9495804963
15,6,11,0.9949590573,1.9899181152,350,Non-elitist,1.9899181152,1.9899181152,1.9899181152,3.0131228521,1.9899181142,1.9899181152,1.9899181152,1.9899181142,1.9899181142,1.9899181143,1.9899181143,1.9899181142,1.9899485762,1.9899457004,1.9899181142,1.9899185812,1.9899181145,1.9899181324,1.9899181148,1.9899181152
15,6,12,5.9697493047,7.9596674229,400,Elitist,7.959667479,7.959667479,7.959667479,7.959667479,17.8195336652,7.959667479,7.959667479,7.9596674229,7.9648342448,7.9634767026,7.959667479,7.959667479,7.9596674245,7.961225915,7.9596674189,7.9596674189,7.9596674189,7.9596674224,7.9596678139,7.959667479
15,6,13,1.9899181198,4.9747952855,400,Non-elitist,4.9747952855,4.9747952855,4.9747952855,4.9747952855,4.9747952855,4.9747952855,4.9747952855,4.9747952855,4.9747952855,4.9747952855,4.9747952855,4.9747952855,4.9748706276,4.9747952855,4.9747952855,4.9747952855,4.9747952855,4.9747952855,4.9747952879,4.9747952855
15,6,14,0.9949590571,3.9798311906,300,BFGS,5.9697493153,5.9697493153,5.9697493153,5.9697493153,3.9798311906,3.9798311906,9.9873986171,5.9697493047,5.9697493047,5.9697493119,5.9697493047,5.9697493153,5.9697493153,5.9697493111,5.9698252256,5.9697493047,5.9697493047,5.9697493101,5.9697493058,5.9697493153
15,6,15,1.0895696915,5.9697495291,350,Non-elitist,5.9697495291,5.9697495291,5.9697495291,5.9697495291,5.9750792007,5.9697495291,5.9697495291,5.9697495291,6.3796728501,5.9697495291,5.9697498417,5.9697506629,5.9697495291,5.9697495291,5.9697495414,5.9697493047,5.9697493047,5.9697493048,5.9697494184,5.9697495291
15,6,16,1.9899181142,4.9747902476,300,BFGS,14.924350686,14.924350686,14.924350686,14.924350686,4.9747902476,4.9747902476,4.9747902476,4.9747902476,4.9747902476,14.9243505462,14.9243505462,15.0283509766,14.9243506915,14.9339868792,14.9243505462,14.9244535205,14.9243505462,14.9243506159,14.9243505489,14.924350686
15,6,17,0.9949590571,0.9949590573,300,Non-elitist,0.9949590573,0.9949590573,0.9949590573,0.9949590573,1.0029710147,0.9949590573,0.9949590573,0.9949590571,0.9949590571,0.9953819805,0.9949590573,0.9949653177,0.9949590571,0.9949594885,0.9949591807,0.9949590994,0.9949590571,0.9949590589,0.9949590584,0.9949590573
15,6,18,4.9747902476,5.9697493047,350,BFGS,5.9697566413,5.9697566413,5.9697566413,21.7370206136,6.964708362,5.9697566413,5.9697493047,5.9697566413,5.9755174458,5.9697566413,5.9697566413,5.9697515533,5.9697493047,5.9697493047,5.9697498991,5.9697493047,5.9697566413,5.9697704925,5.9698382115,5.9697566413
15,6,19,1.9899181142,10.9445395524,300,BFGS,1.9899375084,1.9899375084,1.9899375084,1.9899375084,10.9502000941,10.9445395524,1.9899197619,1.9899181142,1.9899181142,1.9899282747,1.9899196974,1.9899194978,1.9899375084,1.9899375084,1.9899206408,1.9899181142,1.9899181185,1.9900059449,1.9899375084,1.9899375084
15,7,0,5.9697493047,6.964708362,300,DE,13.9293914891,6.9647083619,6.9647083619,6.9647083619,5.9697493047,6.964708362,6.9647083619,6.9647083618,6.9865235259,6.9647083619,6.9660536884,6.9647083619,6.9647147718,6.9647098157,6.9647101785,6.9647086477,6.9647083618,6.9647083647,6.9647083619,6.9647083619
15,7,1,0.9949590571,0.9949590571,300,BFGS,20.1894163615,0.9949618301,0.9949618301,0.9949618301,1.012495623,0.9949590571,1.0599227411,0.9949618301,1.8078870971,0.9949618301,0.9949604316,0.9949591549,0.9949590571,1.0880689452,0.9949590571,0.9949590571,0.9949590571,0.9949603826,0.99496392,0.9949618301
15,7,2,1.9899181142,2.9848771713,350,BFGS,2.9848772417,2.9848772417,2.9848772417,2.9848772417,2.9848771713,2.9848771713,2.9848771713,2.9848771713,2.9848771713,2.9848771803,3.2850785958,3.007634297,2.9848771713,2.9848774057,2.9848773786,2.9850091918,2.9849101917,2.9848772267,2.984877617,2.9848772417
15,7,3,3.9798362284,9.9495804953,300,BFGS,3.9798362668,3.9798362668,3.9798362668,3.9798362668,9.9495804953,9.9495804953,6.9647083618,6.9647083618,3.9798362284,3.9798362284,3.9874186456,3.9958308463,3.9798362574,3.9812734623,3.9798362668,3.9798362284,3.9798382557,3.9798362301,3.979836414,3.9798362668
15,7,4,2.9848771713,2.9848771713,300,BFGS,12.9344527892,12.9344527892,2.986157968,3.0808761962,2.9848771713,2.9848771713,3.0346942709,12.9344527892,12.9344526288,12.9344526305,12.9344526447,12.9344527892,12.9344526416,12.9347788756,12.934452636,12.9344526288,12.9344550324,12.934453764,12.9344531005,12.9344527892
15,7,5,2.9848771713,6.9647083618,300,BFGS,2.984879062,2.984879062,2.984879062,17.794231778,6.9647083618,6.9647083618,6.9647083618,2.9848771713,2.9848771713,2.9848771713,2.9848771713,2.9848771713,2.9848771713,2.9848771713,2.984879062,2.9848771713,2.9848771713,2.9849300857,2.984879062,2.984879062
15,7,6,5.27e-08,5.9697493047,250,BFGS,9.9495822862,9.9495822862,9.9495822862,9.9495804953,5.9697493047,5.9697493047,5.9697493047,5.9697493047,5.9718949206,9.9495804953,10.3391375816,9.9495822862,9.9495805831,9.9682929142,9.9495804953,9.9495822862,9.9495804953,9.9496084963,9.9495819042,9.9495822862
15,7,7,1.9899181142,5.997856128,400,PSO,1.9903016884,1.9903016884,1.9903016884,1.9903016884,1.991145511,3.9815422298,1.9903016884,5.997856128,5.9697493047,5.9793815334,2.6853025225,3.905976996,1.9903016884,2.100806448,1.9899181142,1.9900504697,1.9903016884,1.9899182295,1.9900573287,1.9903016884
15,7,8,1.0142546558,8.9546214382,350,BFGS,12.934466749,12.934466749,12.934466749,12.934466749,12.934466749,12.934466749,8.9546214382,8.9546214382,3.9798362284,3.9798362284,3.9798362284,3.9798362284,3.9798362284,12.9344526288,12.9344526288,12.9344526288,12.9344526288,12.9344526288,12.9344531274,12.934466749
15,7,9,1.9899181142,4.9747902476,300,BFGS,1.9899181168,1.9899181168,1.9899181168,1.9899181168,4.9747902476,4.9747902476,4.9747902476,1.9899181168,1.9899181142,1.9899181168,1.9899181168,1.9899181168,1.9910766943,1.9899181142,1.9899181168,1.9899181142,1.9899188896,1.9899184253,1.9899181626,1.9899181168
15,7,10,2.9848771714,13.9377619732,350,PSO,18.9041817527,18.9041817527,18.9041817527,18.9041817527,8.0267641951,13.9294116859,13.9377619732,18.9041817527,18.9263256638,18.9041817381,18.9041817371,18.9125706847,18.9041817368,18.9041817368,18.9041991875,18.9041830651,18.9041820636,18.9041817527,18.9041817834,18.9041817527
15,7,11,0.9949590571,0.9949590571,300,BFGS,9.4920499963,9.4920499963,9.4920499963,0.9949590571,0.9949590571,0.9949590571,1.0034138582,0.9949590571,0.9949590571,0.9949590571,9.4920499963,9.4920499963,0.9949590571,0.9949590571,3.7028766201,0.9949590607,1.0030769922,3.7166554772,7.7559058944,9.4920499963
15,7,12,4.2441297918,6.9665381633,350,PSO,16.5196923471,16.5196923471,16.5196923471,16.5196923471,10.024542698,10.0027580499,6.9665381633,6.9647083618,6.9647083618,16.5196923471,16.5196923471,7.0066756334,6.9647083618,16.5196923471,7.7298513103,8.7002378561,6.9647083618,6.9724047765,7.064774628,16.5196923471
15,7,13,3.9881182558,9.9495804953,300,BFGS,9.9495804954,9.9495804954,9.9495804954,7.9596678694,9.9495804953,9.9495804953,9.9495804953,9.9495804961,9.9495804953,9.9495804954,9.9495804964,9.9495804954,9.9495804953,9.9495940888,9.9495804953,9.9495804954,9.9495805923,9.9495804954,9.9495804954,9.9495804954
15,7,14,1.9899181142,1.9943100226,350,PSO,6.9649564954,6.9649564954,7.3403199409,6.9649564954,1.9899181142,1.9899181142,1.9943100226,1.9998925246,6.9647083618,6.9647089282,6.9647083785,7.1423060821,6.9647512593,6.9719321689,6.9647083618,6.9656563991,6.9647919082,6.96517457,6.9650580933,6.9649564954
15,7,15,2.9848771713,2.9848773669,350,DE,2.9848779677,11.9310669636,2.9848779677,4.9831790823,6.9647083618,7.1725535812,2.9848773669,2.9848779677,2.984877172,3.0086732333,3.0296368669,3.1665192313,2.9848771713,3.0077493752,2.9848771713,2.9848771713,2.9849472771,2.9848771735,2.9848805111,2.9848779677
15,7,16,4.9747902482,10.9445193557,300,BFGS,10.9445196117,10.9445196117,10.9445196117,10.9445196117,10.9445193557,10.9445193557,10.9445193557,10.9445193557,10.9903018994,10.9445193557,10.9445193557,11.1933080824,10.9445193557,10.9445196117,10.9483051361,10.9445196117,10.9445498582,10.9445193557,10.9445204259,10.9445196117
15,7,17,2.9848771713,2.9848771713,300,BFGS,7.5476385652,7.5476385652,7.5476385652,7.5476385652,2.9848771713,2.9848771713,2.9950559658,2.9848771713,2.9848771713,2.9848771713,7.5476385652,3.2372490028,2.9848771713,2.9848771713,2.9848771713,2.9848771713,2.9848771713,3.0263096651,4.6508124415,7.5476385652
15,7,18,1.4121691761,8.9546214382,300,BFGS,5.9697493375,5.9697493375,6.9789496195,5.9697493375,5.9834866708,8.9546214382,5.9697493047,5.9970848875,5.9697493047,5.9697493375,5.9697493047,6.022734352,5.969749305,5.9697493375,5.9697493047,5.9697493047,5.9697493408,5.9697493375,5.9697493375,5.9697493375
15,7,19,2.9848771713,6.9647083618,300,BFGS,2.98488272,2.98488272,2.98488272,2.9848771717,6.9647083618,6.9647083618,2.9848771713,2.9850138444,2.9848771713,2.9848774611,2.9848842158,2.98488272,3.1186988784,2.98488272,2.9848771713,2.9848771713,2.98488272,2.9850425193,2.984877499,2.98488272
16,6,0,0.0551988957,1.2256537364,500,Non-elitist,1.2256537364,1.2256537364,1.2256537364,1.2256537364,1.2256537364,1.2256537364,1.2256537364,1.2256537364,1.2256537364,1.2256537364,1.2256537364,1.2256537364,1.2256537364,1.2534997615,1.2198006403,1.1829867137,1.2242500971,1.2256537364,1.2249372536,1.2256537364
16,6,1,0.1513862889,1.0888206162,450,PSO,2.4317560356,2.4317560356,2.4317560356,2.4317560356,2.4317560356,2.4317560356,2.4317560356,0.9821614886,1.0888206162,4.5828067643,2.4317560356,2.8022731557,2.4317560356,2.4317560356,2.2943795184,2.2065499873,2.4088825922,2.4173986072,2.4317560356,2.4317560356
16,6,2,0.1879483825,0.2765105189,550,Non-elitist,0.2765105189,0.2765105189,0.2765105189,0.2765105189,0.2765105189,0.2765105189,0.2765105189,0.2765105189,0.2765105189,0.2765105189,0.2765105189,0.2765105189,0.2765105189,0.2765105189,0.2776643181,0.2899179425,0.3149331572,0.3018271716,0.2765105189,0.2765105189
16,6,3,0.122712337,0.4658889095,500,Non-elitist,0.4658889095,0.4658889095,0.6160954637,0.4658889095,0.4658889095,0.4658889095,0.4658889095,0.4658889095,0.4658889095,0.4658889095,0.4658889095,0.5289843606,0.6343026352,0.5552398044,0.4658889095,0.4729080746,0.4768625106,0.4658889095,0.4658085437,0.4658889095
16,6,4,0.0001718064,0.2792635217,550,Non-elitist,0.2792635217,0.2792635217,0.2792635217,0.2792635217,0.2792635217,0.2792635217,0.2792635217,0.3844753878,0.2792635217,0.2792635217,0.2792635217,0.2792635217,0.2792635217,0.2729834406,0.2764230732,0.2736687555,0.3008283238,0.2792635217,0.2792635217,0.2792635217
16,6,5,7.72373e-05,0.0096571571,500,Non-elitist,0.0096571571,0.0096571571,0.0096571571,0.0096571571,0.0096571571,0.7629978433,0.0096571571,0.0096571571,0.0096571571,0.0096571571,0.0148489368,0.0203772759,0.016647401,0.0162273088,0.0198694649,0.0096571571,0.0096571571,0.0123918315,0.0105547625,0.0096571571
16,6,6,0.009690039,0.0171124067,450,PSO,0.0116670649,0.0116670649,0.0116670649,0.0116670649,0.0116670649,0.0116670649,0.1356869816,0.0116670649,0.0171124067,0.0116670649,0.0120401971,0.0116670649,0.009998049,0.0116670649,0.0116670649,0.0108164971,0.0127185471,0.0124808381,0.0123978007,0.0116670649
16,6,7,1.346e-07,0.001265724,400,Non-elitist,0.001265724,0.001265724,0.001265724,0.001265724,0.001265724,0.001265724,0.001265724,0.001265724,0.0003021359,0.001265724,0.001265724,0.001265724,0.0016301641,0.001265724,0.0017477819,0.0014450781,0.0014102569,0.001265724,0.0012717338,0.001265724
16,6,8,1.2112050034,8.7400463977,550,Non-elitist,8.7400463977,8.7400463977,8.7400463977,8.7400463977,8.7400463977,8.7400463977,8.7400463977,8.7400463977,8.7400463977,8.7400463977,8.7400463977,8.7400463977,8.7846993084,8.9546397974,8.8720890659,8.8720890836,8.8167077874,8.82294025,8.7728525166,8.7400463977
16,6,9,0.03233807,2.7035157829,500,Non-elitist,2.7035157829,2.7035157829,2.7035157829,2.7035157829,2.7035157829,3.476733303,2.7035157829,2.7035157829,3.8653995666,2.7035157829,2.7035157829,3.450058941,2.9296444287,3.5319483771,3.0172341154,2.96274162,3.1423491773,2.7035157829,2.7035157829,2.7035157829
16,6,10,0.1847572421,0.7455521224,500,PSO,0.7096238716,0.7096238716,0.7096238716,0.7096238716,0.7096238716,0.7096238716,0.5397598787,0.7096238716,0.6076482423,0.7455521224,0.773710252,0.7660269627,0.7096238716,0.7274355202,0.7274746336,0.7213422478,0.7136138543,0.7134592956,0.7104952311,0.7096238716
16,6,11,0.0,1.14e-08,550,Non-elitist,1.14e-08,1.14e-08,1.14e-08,1.14e-08,1.14e-08,1.14e-08,1.14e-08,1.14e-08,1.14e-08,1.14e-08,1.14e-08,1.14e-08,1.5867e-06,1.14e-08,1.14e-08,0.0,1.21e-08,6.27e-08,7.45e-08,1.14e-08
16,6,12,0.0077836828,1.2190950974,550,Non-elitist,1.2190950974,1.2190950974,1.2190950974,1.2190950974,1.2190950974,1.2190950974,1.2190950974,1.2190950974,1.2190950974,1.2190950974,1.2190950974,1.2190950974,1.2190950974,1.2190950974,1.2031281414,1.2962109356,1.2681444326,1.2368702549,1.2190950974,1.2190950974
16,6,13,0.0066117762,2.8770533303,150,Non-elitist,2.8770533303,2.8770533303,2.8770533303,2.8770533303,2.8770533303,2.8770533303,2.8770533303,2.8770533303,2.8770533303,2.8655456368,3.0298688388,2.8770533303,2.9030768286,2.927028204,2.9282914641,2.9263713952,2.8869316365,2.898753506,2.8877871458,2.8770533303
16,6,14,0.1170703659,0.6593370265,500,Non-elitist,0.6593370265,0.6593370265,0.1170703659,0.6593370265,0.6593370265,0.6593370265,0.6593370265,0.6593370265,0.6593370265,0.6593370265,0.6593370265,0.6856787296,0.6856209376,0.6738402524,0.6890740353,0.6708247317,0.6704218586,0.6587682164,0.6585814799,0.6593370265
16,6,15,0.1816915185,2.2494598835,550,Non-elitist,2.2494598835,2.2494598835,2.2494598835,2.2494598835,2.2494598835,2.2494598835,2.2494598835,2.2494598835,2.2494598835,2.2494598835,2.2494598835,2.2494598835,2.2494598835,2.1770121091,2.2494598835,2.3040912159,2.2494598835,2.2494598835,2.2116209503,2.2494598835
16,6,16,0.1513764462,2.8137706137,450,Non-elitist,2.8137706137,2.8137706137,2.8137706137,2.8137706137,2.8137706137,2.8137706137,0.1513764462,2.155943668,2.8137706137,2.8137706137,2.8137706137,3.3195500399,2.8137706137,3.1142251445,2.8653055791,2.7293909868,2.8137706137,2.7999902362,2.8034783791,2.8137706137
16,6,17,0.0002243782,0.0146119007,550,Non-elitist,0.0146119007,0.0146119007,0.0146119007,0.7515589389,0.0146119007,0.0146119007,0.0146119007,0.0146119007,0.0146119007,0.0146119007,0.0146119007,0.0146119007,0.0146119007,0.0146119007,0.0130052292,0.0146119007,0.0190506301,0.0133639319,0.0138755327,0.0146119007
16,6,18,0.0430988569,0.3244368232,550,Non-elitist,0.3244368232,0.3244368232,0.3244368232,0.3244368232,0.4411767941,0.3244368232,0.3244368232,0.3244368232,0.3244368232,0.3244368232,0.3244368232,0.3655626727,0.3244368232,0.3626199872,0.5200273908,0.4389304859,0.3652282671,0.3640582168,0.3297018701,0.3244368232
16,6,19,0.1581882015,0.2717840096,450,Non-elitist,0.2717840096,0.2717840096,2.2073253032,0.2717840096,0.2717840096,0.2717840096,0.2717840096,0.2717840096,0.2717840096,0.2717840096,0.2717840096,0.2767751957,0.2717840096,0.309963993,0.2965654056,0.2878485964,0.2805030838,0.2765272727,0.2717840096,0.2717840096
16,7,0,0.0056300466,0.064413702,550,Elitist,0.010859718,0.010859718,0.010859718,0.010859718,0.010859718,0.010859718,0.010859718,0.0377621945,0.010859718,0.010859718,0.064413702,0.010859718,0.010859718,0.010859718,0.010859718,0.010859718,0.0185202288,0.0160931123,0.010859718,0.010859718
16,7,1,0.0125364713,0.2166670032,550,Non-elitist,0.2166670032,0.0125364713,0.2166670032,0.2166670032,0.2166670032,0.2166670032,0.1297705648,0.1655795779,0.2166670032,0.2166670032,0.2166670032,0.2166670032,0.2421403289,0.2423319332,0.228932593,0.2166670032,0.2219214596,0.2166670032,0.2166670032,0.2166670032
16,7,2,0.0053985098,0.0136090708,600,Non-elitist,0.0136090708,0.0136090708,0.2121447385,0.0136090708,0.0136090708,0.5435288995,0.0136090708,0.3088145523,0.0136090708,0.0136090708,0.0152613501,0.0136090708,0.0166493447,0.0136090708,0.0151188726,0.0124612205,0.0136090708,0.0155009282,0.0136090708,0.0136090708
16,7,3,2.8632e-06,0.01106412,450,Non-elitist,0.01106412,0.01106412,0.01106412,0.01106412,0.01106412,0.01106412,0.01106412,0.0111997819,0.01106412,0.01106412,0.019480001,0.0157738177,0.01106412,0.0111785727,0.0115274525,0.01106412,0.0111458101,0.0110947175,0.01106412,0.01106412
16,7,4,0.0,0.3308110633,600,Non-elitist,0.3308110633,0.3308110633,0.3308110633,0.3308110633,0.3308110633,0.3308110633,0.3308110633,0.3308110633,0.0504876564,0.3308110633,0.3532854006,0.3308110633,0.3308110633,0.3308110633,0.3308110633,0.3308110633,0.3282250579,0.3308347444,0.329543236,0.3308110633
16,7,5,0.0,2.19e-08,450,Non-elitist,2.19e-08,2.19e-08,0.1047020853,0.5133343342,2.19e-08,2.19e-08,2.19e-08,2.19e-08,2.19e-08,2.19e-08,2.19e-08,2.19e-08,2.19e-08,2.19e-08,4.99767e-05,2.19e-08,1.096e-06,2.19e-08,6.58e-08,2.19e-08
16,7,6,1.465e-07,2.07871e-05,350,Elitist,3.0364e-06,3.0364e-06,3.0364e-06,3.0364e-06,3.0364e-06,3.0364e-06,2.07871e-05,3.0364e-06,3.0364e-06,0.0002397537,3.66473e-05,5.22909e-05,3.9391e-05,2.10168e-05,8.4316e-06,5.3672e-06,3.0364e-06,2.9324e-06,3.4148e-06,3.0364e-06
16,7,7,0.0003584195,0.005655897,500,Non-elitist,0.005655897,0.005655897,0.005655897,1.5817026287,0.005655897,0.1105696337,0.005655897,0.005655897,0.005655897,0.005655897,0.0884534706,0.005655897,0.005655897,0.005655897,0.0058962575,0.0061810188,0.0080759281,0.0070159933,0.0060914699,0.005655897
16,7,8,0.0022583439,0.4591713834,550,Non-elitist,0.4591713834,0.4591713834,0.4591713834,0.4591713834,0.4591713834,0.4591713834,0.4591713834,0.4591713834,0.5836674821,0.4591713834,0.4591713834,0.452037453,0.4460641885,0.4591713834,0.492180146,0.4591713834,0.4726032426,0.4591713834,0.4549949282,0.4591713834
16,7,9,1.6191e-06,1.39492e-05,500,Non-elitist,1.39492e-05,1.39492e-05,1.39492e-05,1.39492e-05,1.39492e-05,1.39492e-05,1.39492e-05,1.39492e-05,0.0171874622,1.39492e-05,0.0001574396,1.39492e-05,0.0002554615,1.39492e-05,1.39492e-05,3.09996e-05,1.39492e-05,5.46607e-05,1.98105e-05,1.39492e-05
16,7,10,0.0610703388,0.51262997,450,Non-elitist,0.51262997,0.51262997,0.8469745285,0.51262997,0.51262997,0.51262997,0.5771229138,0.554868399,0.51262997,0.51262997,0.5633129766,0.5473531227,0.51262997,0.51262997,0.5193498214,0.5160582752,0.5133228482,0.5128776485,0.5126659649,0.51262997
16,7,11,0.0072684329,0.5616254675,500,Non-elitist,0.5616254675,0.5616254675,0.5616254675,0.5616254675,0.5616254675,0.5616254675,0.588225432,0.5616254675,0.5616254675,0.5616254675,0.5616254675,0.5616254675,0.5869622851,0.5827116927,0.5765417948,0.5633154247,0.5697720343,0.5616254675,0.5628547856,0.5616254675
16,7,12,0.0168502262,1.5774798815,450,Non-elitist,1.5774798815,1.5774798815,1.5774798815,1.5774798815,1.5774798815,0.1847102195,1.5774798815,0.2683223988,1.5774798815,1.5774798815,1.5774798815,2.1312858537,1.5774798815,1.6029947611,1.8965906849,1.6634332636,1.6456691658,1.5621997871,1.5963927795,1.5774798815
16,7,13,0.1015051633,0.2525305318,450,PSO,0.1192706865,0.1192706865,1.0427548989,0.1192706865,0.1192706865,0.1192706865,1.1827073834,0.1192706865,0.2525305318,0.1192706865,0.1192706865,0.2125097812,0.1192706865,0.1329378928,0.1558827233,0.1192706865,0.1376530736,0.1188234575,0.1224535387,0.1192706865
16,7,14,0.0844708506,0.2137667371,400,PSO,0.0986026608,0.0986026608,0.0986026608,0.0986026608,0.0986026608,0.0986026608,0.0986026608,0.2137667371,0.0986026608,0.0986026608,0.0986026608,0.0986026608,0.0986026608,0.0925379249,0.0895676881,0.0986026608,0.144979837,0.1212405582,0.0945258622,0.0986026608
16,7,15,0.0280901362,0.7088802202,500,Non-elitist,0.7088802202,0.7088802202,0.7088802202,0.7088802202,0.2747972224,0.7088802202,0.7088802202,0.7088802202,0.7088802202,0.7088802202,0.7088802202,0.7088802202,0.7190663304,0.7675043896,0.7088802202,0.7092471077,0.7353626141,0.7064562923,0.7090591244,0.7088802202
16,7,16,0.0160911177,0.318044087,550,Non-elitist,0.318044087,0.318044087,0.318044087,0.318044087,0.318044087,0.318044087,0.318044087,0.318044087,0.318044087,0.318044087,0.318044087,0.318044087,0.318044087,0.318044087,0.3276601599,0.318044087,0.3339819554,0.318044087,0.318044087,0.318044087
16,7,17,0.0015273061,0.009717746,450,Non-elitist,0.009717746,0.009717746,0.1371199968,0.009717746,0.009717746,0.009717746,0.0668984848,0.009717746,0.009717746,0.0146229506,0.0181396574,0.0152262482,0.009717746,0.009717746,0.009717746,0.0108912797,0.0107605244,0.0104019935,0.0098476332,0.009717746
16,7,18,0.0113565937,0.4271815911,250,PSO,0.2840438051,0.2840438051,1.707372942,0.1336577444,0.4271815911,0.2840438051,0.2840438051,0.2840438051,0.2840438051,0.2840438051,0.2840438051,0.2840438051,0.2840438051,0.2840438051,0.2796280897,0.4234821718,0.3072696684,0.3119497852,0.2840438051,0.2840438051
16,7,19,4.37853e-05,0.2883855571,500,Non-elitist,0.2883855571,0.2883855571,0.2883855571,0.2883855571,0.2883855571,0.2883855571,0.2883855571,0.2883855571,0.6568467369,0.2883855571,0.2883855571,0.3856915103,0.2883855571,0.2895782068,0.2803738855,0.2883855571,0.3007355478,0.2891411428,0.2886727496,0.2883855571
17,6,0,0.0019031368,0.209107631,500,Non-elitist,0.209107631,0.209107631,0.209107631,0.209107631,0.209107631,0.209107631,0.209107631,0.2098651219,0.2065291385,0.209107631,0.209107631,0.1951883907,0.1974129027,0.1974944,0.1936552857,0.1946591333,0.2061635762,0.2085439057,0.2094605117,0.209107631
17,6,1,0.0072430483,0.196733191,600,MLSL,0.186331833,0.186331833,0.186331833,0.186331833,0.186331833,0.186331833,0.186331833,0.186331833,0.186331833,0.186331833,0.186331833,0.196733191,0.1957671577,0.1923879897,0.1889973224,0.1889973224,0.1880280377,0.1861195713,0.186784937,0.186331833
17,6,2,0.0657686875,1.902467372,300,BFGS,2.5098962606,2.5098962606,1.902467372,1.902467372,1.902467372,1.902467372,2.5098962606,1.902467372,1.902467372,1.902467372,1.7093162296,1.7997763829,1.7093162279,1.243510648,1.4514825765,1.7400382068,1.9337230783,1.7420078557,1.9762340885,2.5098962606
17,6,3,0.0005343486,0.0023392005,650,Non-elitist,0.0023392005,0.0023392005,0.0023392005,0.0023392005,0.0023392005,0.0023392005,0.0023392005,0.0023392005,0.0023392005,0.0023392005,0.0023392005,0.0019193433,0.0023392005,0.0022512979,0.0023392005,0.0022422799,0.002368363,0.0023487119,0.0023392005,0.0023392005
17,6,4,0.0141199675,0.0451792377,800,BFGS,0.04408257,0.04408257,0.04408257,0.04408257,0.04408257,0.04408257,0.04408257,0.04408257,0.0888176607,0.04408257,0.04408257,0.0349893545,0.0442560847,0.047478204,0.0451791549,0.0451792377,0.04408257,0.0440738942,0.0442032371,0.04408257
17,6,5,0.002688515,0.0093557662,750,Non-elitist,0.0093557662,0.0093557662,0.0093557662,0.0093557662,0.0093557662,0.0093557662,0.0093557662,0.0093557662,0.0093557662,0.0093557662,0.0066378744,0.0093557662,0.0093557662,0.0093557662,0.0093557662,0.0093705072,0.0093704433,0.0093101015,0.0093259606,0.0093557662
17,6,6,0.0001556948,0.0003152373,650,Non-elitist,0.0003152373,0.0003152373,0.0003152373,0.0003152373,0.0003152373,0.0003152373,0.0003152373,0.0003152373,0.0003152373,0.0003152373,0.0003152373,0.0003152373,0.0003152373,0.0002960077,0.0002898859,0.0003152373,0.0002805797,0.0002950518,0.0003152373,0.0003152373
17,6,7,0.0001816205,0.0152850085,700,Elitist,0.0154993604,0.0154993604,0.0154993604,0.0154993604,0.0154993604,0.0154993604,0.0154993604,0.0154993604,0.0154993604,0.0154993604,0.0154993604,0.0154993604,0.0154993604,0.0152850085,0.0154502817,0.0154993604,0.0156599739,0.0154993604,0.0154993604,0.0154993604
17,6,8,1.44212e-05,0.0005407862,700,Non-elitist,0.0005407862,0.0005407862,0.0005407862,0.0005407862,0.0005407862,0.0005407862,0.0005407862,0.0005407862,0.0005407862,0.0005407862,0.0005407862,0.0005407862,0.0005407862,0.0005407862,0.0004398165,0.0002946109,0.0005407862,0.0005405739,0.0005407862,0.0005407862
17,6,9,8.94111e-05,0.0016454935,750,Non-elitist,0.0016454935,0.0016454935,0.0016454935,0.0016454935,0.0016454935,0.0016454935,0.0016454935,0.0016454935,0.0115295394,0.0016454935,0.0016454935,0.0016454935,0.001711544,0.0017275595,0.0016454935,0.0016454935,0.0016454935,0.0015723598,0.0016454935,0.0016454935
17,6,10,0.0075401211,0.0137139506,850,Elitist,0.013849659,0.013849659,0.013849659,0.013849659,0.013849659,0.013849659,0.013849659,0.013849659,0.013849659,0.013849659,0.0164983062,0.013849659,0.0165298312,0.0140692971,0.0140692961,0.013849659,0.0137139506,0.0139292027,0.0137914449,0.013849659
17,6,11,0.0039898156,0.026063657,800,Elitist,1.2084968121,0.0266116251,0.0266116251,0.0266116251,0.0266116251,0.0266116251,0.0266116251,0.0266116251,0.0266116251,0.0266116251,0.0266116251,0.0266116251,0.0263904239,0.026294666,0.0264896465,0.026063657,0.0261903425,0.0266116251,0.0264058864,0.0266116251
17,6,12,0.0072299549,0.1088659156,650,BFGS,0.0957369201,0.0957369201,0.0957369201,0.0957369201,0.0957369201,0.0957369201,0.0957369201,0.0957369201,0.0957369201,0.1607892671,0.1310854756,0.118219195,0.1088659156,0.1102385088,0.0973209711,0.092216491,0.0916393545,0.0958842992,0.0956486621,0.0957369201
17,6,13,0.0028222744,0.1937820491,700,PSO,0.1892724319,0.1892724319,0.1892724319,0.1892724319,0.1892724319,0.1892724319,0.1892724319,0.1892724319,0.1892724319,0.2330246659,0.1892724319,0.1885163883,0.1892724319,0.1937820491,0.1904924809,0.1903697599,0.1892724319,0.1892724319,0.1892155442,0.1892724319
17,6,14,0.0684705633,0.2750928559,550,PSO,0.9892721545,0.9892721545,0.9892721545,0.9892721545,0.9892721545,0.9892721545,0.3342630531,0.9892721545,0.9892721545,0.3552747064,0.2750928559,0.9892721545,0.9892721545,0.2453007771,0.6869234832,0.6878463891,0.9892721545,0.9892721545,0.7382107748,0.9892721545
17,6,15,0.0009614847,0.0348636868,650,Elitist,0.0348636886,0.0348636886,0.0348636886,0.0348636886,0.0348636886,0.0348636886,0.0348636886,0.0348636886,0.0348636886,0.0348636886,0.0311412278,0.0348636886,0.0348636868,0.0348636875,0.0348636886,0.0348636869,0.0348641997,0.0348636866,0.0348637056,0.0348636886
17,6,16,0.0028037771,0.0146808012,750,Non-elitist,0.0146808012,0.0146808012,0.0146808012,0.0146808012,0.0146808012,0.0146808012,0.0146808012,0.0146808012,0.0063991854,0.0146808012,0.0146808012,0.0146808012,0.0146808012,0.0164190432,0.0146808012,0.0142075289,0.0143410529,0.0146808012,0.0146251742,0.0146808012
17,6,17,0.0050250993,0.1433632286,600,Non-elitist,0.1433632286,0.1433632286,0.2007593245,0.1433632286,0.1433632286,0.1433632286,0.1433632286,0.1433632286,0.1433632286,0.1640235193,0.1450596009,0.1433632286,0.1450596005,0.1419908564,0.141990857,0.1401535975,0.1401662736,0.1402742875,0.1433484595,0.1433632286
17,6,18,0.0064617501,0.0433259083,700,Non-elitist,0.0433259083,0.0433259083,0.0433259083,0.0433259083,0.0433259083,0.0433259083,0.0433259083,0.0709131622,0.0433259083,0.0433259083,0.0717019206,0.0433259083,0.0433259083,0.0433259083,0.0433259083,0.0453713226,0.0427396589,0.0427409131,0.0440707822,0.0433259083
17,6,19,0.0123672881,0.147705465,650,Non-elitist,0.147705465,0.147705465,0.147705465,0.147705465,0.147705465,0.147705465,0.147705465,0.147705465,0.1746059505,0.147705465,0.147705465,0.147705465,0.147705465,0.1541177906,0.1484427875,0.1479106821,0.147705465,0.1476954678,0.1474639619,0.147705465
17,7,0,0.0477620913,0.0521664423,600,BFGS,0.0503038406,0.0503038406,0.0503038406,0.0503038406,0.0503038406,0.0503038406,0.0503038406,0.0503038406,0.0536584359,0.0503038406,0.058454186,0.0521664423,0.0500669189,0.0503038406,0.0503038406,0.0512476752,0.0507058077,0.0507822149,0.0504246368,0.0503038406
17,7,1,0.0101223258,0.0197832327,700,PSO,0.0169154829,0.0169154829,0.0169154829,0.0169154829,0.0169154829,0.0169154829,0.0169154829,0.0169154829,0.0169154829,0.0169154829,0.0169154829,0.0169154829,0.0169154829,0.0197832327,0.016628256,0.0169154829,0.016647424,0.0159404258,0.0162100346,0.0169154829
17,7,2,0.0021545998,0.0697205724,650,Elitist,0.0707658014,0.0707658014,0.0707658014,0.0707658014,0.0707658014,0.0707658014,0.0707658014,0.0707658014,0.0731160862,0.0707658014,0.0701797802,0.0788905461,0.0697205724,0.0699814767,0.0686382341,0.067458499,0.0661729624,0.0707658014,0.0707658014,0.0707658014
17,7,3,0.0871152192,0.2710089248,650,Non-elitist,0.2710089248,0.2710089248,0.2710089248,0.2710089248,0.2710089248,0.2710089248,0.2710089248,0.2710089248,0.4557855756,0.3730671497,0.3374953279,0.2710089248,0.2710089248,0.2710089248,0.3378622823,0.2710089248,0.2639272494,0.2731364371,0.2731364371,0.2710089248
17,7,4,0.0025333454,0.0546348617,700,MLSL,0.0497617137,0.0497617137,0.0497617137,0.0497617137,0.0497617137,0.0497617137,0.0497617137,0.0497617137,0.0497617137,0.0497617137,0.0497617137,0.0497617137,0.0497617137,0.0546348617,0.0482940081,0.0457914016,0.0496559954,0.0504697626,0.0498753562,0.0497617137
17,7,5,0.0052941041,0.0354969596,800,BFGS,0.0357366806,0.0357366806,0.0357366806,0.0357366806,0.0357366806,0.0357366806,0.0357366806,0.0357366806,0.0357366806,0.0357366806,0.0357366806,0.0357366806,0.0338872848,0.0357366806,0.0357366806,0.0354969596,0.0354956329,0.0355787727,0.0357905434,0.0357366806
17,7,6,0.0042876523,0.0666569378,650,BFGS,0.0662642296,0.0662642296,0.0662642296,0.0662642296,0.0662642296,0.0662642296,0.0662642296,0.0662642296,0.0662642296,0.0662642296,0.0820028453,0.0662642296,0.0666569378,0.0687646446,0.0666570157,0.0666570259,0.0654082671,0.0654486333,0.0665707067,0.0662642296
17,7,7,0.0007237129,0.0116791295,650,BFGS,0.0120567454,0.0120567454,0.0120567454,0.0120567454,0.0120567454,0.0120567454,0.0120567454,0.0120567454,0.0146395289,0.0120567454,0.0120567454,0.013124903,0.0116791295,0.0116788367,0.0116793405,0.0116802393,0.011679402,0.012030602,0.0120475094,0.0120567454
17,7,8,0.0012034577,0.0012394948,750,Elitist,0.0013037083,0.0013037083,0.0013037083,0.0013037083,0.0013037083,0.0013037083,0.0013037083,0.0013037083,0.0013037083,0.0013037083,0.0013037083,0.0013037083,0.0013037083,0.001337236,0.0012394948,0.0013037083,0.001417884,0.0013037083,0.0013004645,0.0013037083
17,7,9,0.005960604,0.0135188829,700,Non-elitist,0.0135188829,0.0135188829,0.0135188829,0.0135188829,0.0135188829,0.0135188829,0.0135188829,0.0135188829,0.0135188829,0.0135188829,0.0135188829,0.0135188829,0.0135188829,0.0135188829,0.0131985809,0.0127464305,0.0125672923,0.0126387156,0.0135188829,0.0135188829
17,7,10,0.0005139411,0.0082983065,650,Elitist,0.0084537801,0.0084537801,0.0084537801,0.0084537801,0.0084537801,0.0084537801,0.0084537801,0.0084537801,0.0084537801,0.0084537801,0.0084537801,0.0084537801,0.0082983065,0.0089401019,0.0084537801,0.0086211579,0.0084688519,0.0084537801,0.0085132211,0.0084537801
17,7,11,3.6939e-06,0.0003250274,650,Elitist,0.0003994737,0.0003994737,0.0003994737,0.0003994737,0.0003994737,0.0003994737,0.0003994737,0.0003994737,0.0002294922,0.0003994737,0.0003994737,0.0003994737,0.0003250274,0.0006301684,0.0003994737,0.0003658418,0.0003994737,0.0004084839,0.0003994737,0.0003994737
17,7,12,0.000252546,0.0002609477,650,Non-elitist,0.0002609477,0.0002609477,0.0002609477,0.0002609477,0.0002609477,0.0002609477,0.0002609477,0.0002609477,0.0002609477,0.0002609477,0.0002609477,0.0002609477,0.0002609477,0.0002609477,0.0002579098,0.0002594973,0.0002961769,0.0002634354,0.0002603048,0.0002609477
17,7,13,2.07678e-05,0.0001874662,750,Non-elitist,0.0001874662,0.0001874662,0.0001874662,0.0001874662,0.0001874662,0.0001874662,0.0001874662,0.0001874662,0.0001874662,0.0001874662,0.0001874662,0.0001874662,0.0001874662,2.07678e-05,0.0001874662,0.0001874662,0.0001300202,0.0001736113,0.0002025696,0.0001874662
17,7,14,0.0057593641,0.0701361536,700,MLSL,0.0641292317,0.0641292317,0.0641292317,0.0641292317,0.0641292317,0.0641292317,0.0641292317,0.0641292317,0.0664774942,0.0641292317,0.0641292317,0.0641292317,0.062865688,0.0701361536,0.063416138,0.0637335905,0.0662198429,0.0644317952,0.0645068833,0.0641292317
17,7,15,0.0115435911,0.053184019,650,MLSL,0.048063648,0.048063648,0.048063648,0.048063648,0.048063648,0.048063648,0.048063648,0.048063648,0.0483073017,0.048063648,0.0608626037,0.0551759716,0.053184019,0.0470989329,0.0480231864,0.0494520592,0.0481399508,0.048522104,0.0479797393,0.048063648
17,7,16,6.64024e-05,0.000213627,750,Non-elitist,0.000213627,0.000213627,0.000213627,0.000213627,0.000213627,0.000213627,0.000213627,0.0030212791,0.000213627,0.000213627,0.0110136251,0.007900313,0.000213627,0.0009164959,0.000213627,0.000213627,0.000213627,0.0001825495,0.0003048126,0.000213627
17,7,17,0.0018626057,0.0549706942,650,Non-elitist,0.0549706942,0.0549706942,0.0549706942,0.0549706942,0.0549706942,0.0549706942,0.0549706942,0.0549706942,0.0549706942,0.0549706942,0.0549706942,0.0549706942,0.0549706942,0.0549706942,0.0564443742,0.0552882611,0.0549706942,0.0553088191,0.0549688032,0.0549706942
17,7,18,0.0140290151,0.1035937253,600,Elitist,0.0864257686,0.0864257686,0.0864257686,0.0864257686,0.0864257686,0.0864257686,0.0864257686,0.0864257686,0.0864257686,0.084427232,0.0780582642,0.1035937253,0.0864257686,0.0864257686,0.100631351,0.0864257686,0.0813195787,0.0864257686,0.0877926766,0.0864257686
17,7,19,0.0120840362,0.0379046778,700,Elitist,0.0389771836,0.0389771836,0.0389771836,0.0389771836,0.0389771836,0.0389771836,0.0389771836,0.0389771836,0.093257775,0.0389771836,0.041177406,0.054565267,0.0393646974,0.0379046778,0.0425779843,0.0389771836,0.0388742026,0.0393315355,0.0391164217,0.0389771836
18,6,0,0.0001299221,0.0008518223,550,Non-elitist,0.0008518223,0.0008518223,0.0008518223,0.0008518223,0.0008518223,0.0008518223,0.0008518223,0.0008518223,0.0008518223,0.0062251311,0.0008518223,0.0060864721,0.0008518223,0.0053011996,0.0030212794,0.0005303678,0.0005133437,0.0007154657,0.0008539536,0.0008518223
18,6,1,0.1482418348,0.2118871984,500,Non-elitist,0.2118871984,0.2118871984,0.2118871984,0.2118871984,0.2118871984,0.2118871984,0.2118871984,0.269249721,0.2118871984,0.2118871984,0.2657506257,0.2118871984,0.2167581114,0.2270303551,0.2162512117,0.2125831271,0.2114885662,0.2118871984,0.2110260769,0.2118871984
18,6,2,0.0268592559,0.1603843637,600,Elitist,0.1612707879,0.1612707879,0.1612707879,0.1612707879,0.1612707879,0.1977568548,0.1612707879,0.2860602185,0.1612707879,0.1612707879,0.1612707879,0.1603843637,0.1635725409,0.1612707879,0.1612707879,0.166813412,0.1618556181,0.1612575171,0.161082921,0.1612707879
18,6,3,0.0223257651,0.0436681758,650,BFGS,0.0441898226,0.0441898226,0.0441898226,0.0441898226,0.0441898226,0.0441898226,0.0441898226,0.055556997,0.0441898226,0.052378804,0.0441898226,0.0441898226,0.0436681758,0.0441967857,0.0441967857,0.0436714372,0.0436640916,0.0436668322,0.0441758685,0.0441898226
18,6,4,0.038973605,1.5048429611,450,Non-elitist,1.5048429611,1.5048429611,1.5048429611,1.5048429611,1.5048429611,1.5048429611,0.1485814442,1.5048429611,1.5048429611,1.5021264406,1.5048429611,1.5048429611,1.523755148,1.5033057892,1.5037428543,1.5043607774,1.5048429611,1.505378564,1.5048429611,1.5048429611
18,6,5,0.147461862,0.4072081649,500,Non-elitist,0.4072081649,0.4072081649,0.4072081649,0.4072081649,0.4072081649,0.4072081649,0.4072081649,0.4072081649,0.4072081649,0.4072081649,0.4072081649,0.4072081649,0.4142411984,0.4076444669,0.40762004,0.4234478839,0.4065347188,0.4101375954,0.4072852788,0.4072081649
18,6,6,0.1531835896,0.155494871,500,Non-elitist,0.155494871,0.155494871,0.155494871,0.155494871,0.155494871,0.155494871,0.155494871,0.155494871,0.2215601039,0.155494871,0.1762512245,0.155494871,0.1627287155,0.1635120117,0.155494871,0.1549751312,0.155494871,0.155494871,0.155131234,0.155494871
18,6,7,0.0529880851,0.1433297637,500,Non-elitist,0.1433297637,0.1433297637,0.1433297637,0.1433297637,0.1433297637,0.1433297637,0.1433297637,0.1433297637,0.1433297637,0.1433297637,0.108894594,0.1111459199,0.1533010269,0.1533068118,0.1471247927,0.1433297637,0.1433297637,0.1533002645,0.1481606953,0.1433297637
18,6,8,0.0195558014,0.161071578,600,Elitist,0.1630303494,0.1630303494,0.1630303494,0.1630303494,0.1630303494,0.1630303494,0.1630303494,0.2218873736,0.1630303494,0.1630303494,0.1826613627,0.161071578,0.1612786371,0.1759826507,0.1681179998,0.1630303494,0.167153053,0.1655375121,0.1630691187,0.1630303494
18,6,9,0.1065000985,0.4569044942,450,Non-elitist,0.4569044942,0.4569044942,0.4569044942,0.4569044942,0.4569044942,0.4569044942,0.4569044942,0.4834529997,0.4569044942,0.4569044942,0.4569044942,0.4816662566,0.4569044942,0.461386655,0.4612570844,0.4581045239,0.4581045239,0.4567323962,0.4569044942,0.4569044942
18,6,10,0.0913030977,0.5265580892,450,Non-elitist,0.5265580892,0.5265580892,0.5265580892,0.5265580892,0.5265580892,0.5265580892,0.5265580892,0.5265580892,0.5265580892,0.5450648622,0.53986365,0.5247596184,0.5249994316,0.5265580892,0.5332417307,0.5265580892,0.5279484307,0.5260223975,0.5267909017,0.5265580892
18,6,11,0.0801135597,0.0964521554,550,Non-elitist,0.0964521554,0.0964521554,0.0964521554,0.0964521554,0.0964521554,0.0964521554,0.0964521554,0.0964521554,0.0964521554,0.1329097335,0.0964521554,0.095628635,0.0961204584,0.1027724187,0.0999747016,0.0967868332,0.0975794079,0.0964521554,0.0964521554,0.0964521554
18,6,12,0.066456285,0.7044204721,500,Non-elitist,0.7044204721,0.7044204721,0.7044204721,0.7044204721,0.7044204721,0.7044204721,0.7044204721,0.7044204721,0.703624868,0.7044204721,0.7047058868,0.7239940622,0.701823963,0.7044204721,0.7042946051,0.704616495,0.7046842898,0.7046262883,0.7043968813,0.7044204721
18,6,13,0.0764331582,0.0988788437,500,Non-elitist,0.0988788437,0.0988788437,0.0988788437,0.0988788437,0.0988788437,0.0988788437,0.0988788437,0.0988788437,0.1593960209,0.0988788437,0.0988788437,0.0920409056,0.1359772303,0.0988788437,0.0951351914,0.0965615744,0.0988063055,0.0988788437,0.0976161103,0.0988788437
18,6,14,0.073454225,0.1085373592,600,Elitist,0.0782001498,0.0782001498,0.0782001498,0.0782001498,0.0782001498,0.0782001498,0.0782001498,0.0782001498,0.0782001498,0.0782001498,0.0782001498,0.1085373592,0.0832310371,0.0782001498,0.0830412356,0.0755838593,0.079797437,0.076839134,0.0795084499,0.0782001498
18,6,15,0.0314888519,0.1855726787,600,Elitist,0.1388660617,0.1388660617,0.1388660617,0.1388660617,0.1388660617,0.1388660617,0.1388660617,0.1388660617,0.1388660617,0.1388660617,0.2014673282,0.1855726787,0.1388660617,0.1718278143,0.1483149635,0.1390890019,0.1505816967,0.1379414339,0.1388660617,0.1388660617
18,6,16,0.1854345118,0.327625956,500,Non-elitist,0.327625956,0.327625956,0.327625956,0.327625956,0.327625956,0.327625956,0.327625956,0.327625956,0.5062194732,0.327625956,0.327625956,0.327625956,0.2902207112,0.2876383996,0.3300064281,0.2882478273,0.2903313465,0.3328715343,0.3280573525,0.327625956
18,6,17,0.2038007256,1.4417094284,550,Elitist,1.4593316673,1.4593316673,1.4593316673,1.4593316673,1.4593316673,1.4593316673,1.4593316673,1.4593316673,1.4593316673,1.4593316673,1.4417094284,1.4593316673,1.4742617161,1.4593316673,1.454318322,1.4486119805,1.4797999962,1.4539751697,1.4626048009,1.4593316673
18,6,18,0.0369069108,0.1440698306,700,BFGS,0.1002873328,0.1002873328,0.1002873328,0.1002873328,0.1002873328,0.1002873328,0.1002873328,0.1002873328,0.1002873328,0.1002873328,0.1002873328,0.1002873328,0.1002873328,0.1440698306,0.1003485796,0.1002873328,0.1059504992,0.1000242082,0.1030799037,0.1002873328
18,6,19,0.0220728431,0.2090719387,500,Non-elitist,0.2090719387,0.2090719387,0.2090719387,0.2090719387,0.2090719387,0.2090719387,0.2090719387,0.2090719387,0.2090719387,0.2090719387,0.2369551428,0.2380821565,0.2098382417,0.2098881276,0.2090719387,0.2090719387,0.2090719387,0.2090719387,0.2112925308,0.2090719387
18,7,0,0.0384331844,0.1267162745,550,Elitist,0.0431843177,0.0431843177,0.0431843177,0.0431843177,0.0431843177,0.0431843177,0.0431843177,0.0431843177,0.0431843177,0.0431843177,0.1267162745,0.0431843177,0.0431843177,0.0431843177,0.0434614761,0.0420991376,0.041756359,0.0479096824,0.0431843177,0.0431843177
18,7,1,0.1197115733,0.1235317139,500,Non-elitist,0.1235317139,0.1235317139,0.1235317139,0.1235317139,0.1235317139,0.1235317139,0.1235317139,0.1235317139,0.1235317139,0.1235317139,0.180107289,0.1235317139,0.1197115733,0.1235317139,0.1295907925,0.1319130722,0.1235317139,0.1269508872,0.1253749798,0.1235317139
18,7,2,0.1117945656,0.9721417577,400,Non-elitist,0.9721417577,0.9721417577,0.9721417577,0.9721417577,0.9721417577,0.9721417577,0.9721417577,0.9721417577,0.9721417577,0.9721417577,0.9721417577,0.9721417577,0.9721415679,0.9721417577,0.9721415208,0.9721412269,0.9721417577,0.9721412304,0.9721417577,0.9721417577
18,7,3,0.036671486,0.5551130946,500,Non-elitist,0.5551130946,0.5551130946,0.5551130946,0.5551130946,0.5551130946,0.5551130946,0.5551130946,0.5551130946,0.5551130946,0.5551130946,0.5551130946,0.5551130946,0.5551130946,0.5577800985,0.5551130946,0.554578108,0.5508423143,0.5599669973,0.5550193963,0.5551130946
18,7,4,0.0352706643,0.0406238815,650,Elitist,0.0387133071,0.0387133071,0.0387133071,0.0387133071,0.0387133071,0.0387133071,0.0387133071,0.0456751296,0.0387133071,0.0387133071,0.0644274425,0.0387133071,0.0406238815,0.0353123128,0.0387133071,0.0382367595,0.040058235,0.0393010202,0.0389464353,0.0387133071
18,7,5,0.0049257016,0.0188258686,650,Non-elitist,0.0188258686,0.0188258686,0.0188258686,0.0188258686,0.0188258686,0.0188258686,0.0188258686,0.0188258686,0.0188258686,0.0188258686,0.0188258686,0.0188258686,0.0188258686,0.0188258686,0.0286431219,0.0188258686,0.0204049419,0.0203884398,0.0204209637,0.0188258686
18,7,6,1.1193991791,1.1408089943,500,Non-elitist,1.1408089943,1.1408089943,1.1408089943,1.1408089943,1.1408089943,1.1408089943,1.1408089943,1.1408089943,1.1316395082,1.1408089943,1.1385654,1.1408089943,1.1408089943,1.1408089943,1.1446642524,1.147930426,1.1408089943,1.1425099667,1.1408089943,1.1408089943
18,7,7,0.0044747071,0.0173666825,650,BFGS,0.0092785164,0.0092785164,0.0092785164,0.0092785164,0.0092785164,0.0092785164,0.0092785164,0.0092785164,0.0092785164,0.0092785164,0.0092785164,0.0057174229,0.0173666825,0.0105016954,0.009941749,0.0092785164,0.0107437582,0.0102536568,0.0097321161,0.0092785164
18,7,8,0.0217463561,0.156617991,650,Elitist,0.141457227,0.141457227,0.141457227,0.141457227,0.141457227,0.141457227,0.141457227,0.141457227,0.141457227,0.141457227,0.1665108843,0.1840059251,0.156617991,0.141457227,0.1670425883,0.1361654984,0.143067048,0.1430673302,0.1414870948,0.141457227
18,7,9,0.0533991907,0.305185416,500,Elitist,0.3041899259,0.3041899259,0.3041899259,0.3041899259,0.3041899259,0.3041899259,0.3041899259,0.3041087653,0.3041899259,0.305185416,0.3132356689,0.3041899259,0.3243066839,0.3201133766,0.3103498101,0.3067523024,0.3048112338,0.3037980327,0.3041899259,0.3041899259
18,7,10,0.0032590129,0.0050646123,450,Non-elitist,0.0050646123,0.0050646123,0.0050646123,0.0050646123,0.0050646123,0.0050646123,0.0291213187,0.0053928448,0.0050646123,0.0116304775,0.00374555,0.0050646123,0.0050646123,0.0050646123,0.0088196729,0.0050646123,0.0047511981,0.0050646123,0.0050646123,0.0050646123
18,7,11,0.0044296457,0.0063148154,750,BFGS,0.0048914988,0.0048914988,0.0048914988,0.0048914988,0.0048914988,0.0048914988,0.0048914988,0.0048914988,0.0292623608,0.0212155499,0.0119250335,0.0094856784,0.0072884966,0.0077795783,0.0063148154,0.0048944071,0.0048966474,0.0048886056,0.0049430561,0.0048914988
18,7,12,0.0406284622,0.1243925293,550,Non-elitist,0.1243925293,0.1243925293,0.1243925293,0.1243925293,0.1243925293,0.1243925293,0.1243925293,0.1243925293,0.1243925293,0.1243925293,0.1243925293,0.124768103,0.1400044525,0.1243925293,0.1256359987,0.1187063776,0.1200943258,0.1262474207,0.1241099662,0.1243925293
18,7,13,0.0384528623,0.0922818498,450,Non-elitist,0.0922818498,0.0922818498,0.0922818498,0.0922818498,0.0922818498,0.0922818498,0.0922818498,0.0922818498,0.0922818498,0.0922818498,0.1259623681,0.0872484059,0.0881046197,0.1050237204,0.0891034524,0.0887172647,0.0922818498,0.0921978921,0.0925749215,0.0922818498
18,7,14,0.4419621754,2.7271882721,550,Elitist,2.7206062853,2.7206062853,2.7206062853,2.7206062853,2.7206062853,2.7206062853,2.7206062853,2.7637728605,2.7206062853,2.7206062853,2.7271882721,2.7206062853,2.7321263227,2.7206062853,2.7206062853,2.7206062853,2.7288951056,2.7294849305,2.7211278371,2.7206062853
18,7,15,0.3379677694,0.496510486,450,Non-elitist,0.496510486,0.496510486,0.496510486,0.496510486,0.496510486,0.496510486,0.496510486,0.496510486,0.496510486,0.6811420235,0.6616765023,0.496510486,0.496510486,0.4893315513,0.498583844,0.485006426,0.4842782486,0.4972087943,0.4962036034,0.496510486
18,7,16,0.0164186525,0.0207030093,650,Elitist,0.02972943,0.02972943,0.02972943,0.02972943,0.02972943,0.02972943,0.02972943,0.02972943,0.0611119685,0.0611119664,0.027059676,0.0507140587,0.0207030093,0.02972943,0.02972943,0.0290708785,0.0290709063,0.0293617932,0.0306942041,0.02972943
18,7,17,0.0134440939,0.0442504982,700,DE,0.0412218096,0.0412218096,0.0412218096,0.0412218096,0.0412218096,0.0412218096,0.0412218096,0.0269135344,0.0412218096,0.0412218096,0.0412218096,0.0412218096,0.0412218096,0.0442504982,0.0420854454,0.0421068787,0.0420715847,0.0413795779,0.0412218096,0.0412218096
18,7,18,0.0250592916,0.0677651193,500,Non-elitist,0.0677651193,0.0677651193,0.0677651193,0.0677651193,0.0677651193,0.0677651193,0.0677651193,0.0677651193,0.0250592916,0.0677651193,0.0677651193,0.0702261471,0.08596395,0.0677651193,0.0768626598,0.0677651193,0.0740074341,0.0693025061,0.068158574,0.0677651193
18,7,19,0.0349909512,0.0565707669,650,Elitist,0.0547143798,0.0547143798,0.0547143798,0.0547143798,0.0547143798,0.0547143798,0.0547143798,0.09345065,0.0547143798,0.0547143798,0.0547143798,0.0661622114,0.0565707669,0.0599567384,0.0570966678,0.0552504305,0.0547143798,0.0547143798,0.0554515284,0.0547143798
19,6,0,0.0946527551,0.2356191372,350,BFGS,0.5912876482,0.7029310503,0.2356191366,0.2356191367,0.2356191393,0.2356191375,0.2356191372,0.2356191366,0.2356191366,0.2356191365,0.2356191365,0.2356191365,0.0981744579,0.0981744579,0.0981744579,0.0981744579,0.0981744579,0.0981744579,0.1744857679,0.5912876482
19,6,1,0.4516036318,0.4516036318,350,BFGS,0.9224722794,1.0367268058,1.0367280124,1.0367252779,1.0367252634,0.4948005331,0.4516036318,0.4948005309,0.4948005307,0.7068580366,0.7068580358,0.7068580353,0.7068580363,0.7068580376,0.7068580376,0.7068580376,0.7068580378,0.5929753019,0.8272319843,0.9224722794
19,6,2,0.2277652538,0.7814708851,400,BFGS,1.5359958585,0.8953537853,0.8953539412,0.7814708773,0.7814709219,0.781471755,0.7814711219,0.7814708851,0.7814708634,0.7814708673,0.781470865,0.7814708614,0.7814708704,0.7814708709,0.78147087,0.7814708737,0.7814708711,0.7814716266,1.1940382805,1.5359958585
19,6,3,0.1191605597,0.1747138428,600,BFGS,0.8232801557,0.8232801557,0.8232801557,0.3337939079,0.3337939219,0.3337939116,0.3337939979,0.1656181084,0.1674968701,0.1706730774,0.1734294737,0.1747138428,0.1847114833,0.1871170467,0.20438563,0.2143739808,0.229811176,0.2310771845,0.5096776273,0.8232801557
19,6,4,0.212132738,1.2605637957,450,BFGS,1.3860061369,1.6106378862,1.3860061369,1.3194686027,1.3194686184,1.3194686033,1.3194686102,1.3194686038,1.2605637957,1.2605637462,1.2605637618,1.2605637645,1.2605637418,0.6911500778,0.6911500734,0.6911500781,0.6911500734,0.6797989126,0.872989002,1.3860061369
19,6,5,0.2356225687,0.2356250756,350,BFGS,0.6711700192,0.4123337618,0.4123341455,0.4123337236,0.2631081355,0.2631080864,0.2356250756,0.235623691,0.2356225687,0.3220130124,0.3220129472,0.322012936,0.3220129353,0.3220129357,0.3220129355,0.3259399256,0.3259399254,0.3259399259,0.3345263544,0.6711700192
19,6,6,0.6754421081,0.7107850285,350,BFGS,3.0357578061,3.0357578061,0.7107850258,1.1168025185,0.7186390711,0.7147120238,0.7107850285,0.7107850287,0.7107850256,0.7107850257,0.7107850257,0.7107850254,0.7147120168,0.7107850255,0.7107850254,0.7107850259,0.7107850257,0.7107850268,3.0357268597,3.0357578061
19,6,7,0.3337939069,0.3337939124,400,BFGS,1.5602768576,1.5602768576,0.3337939081,0.3337939069,0.3337939216,0.3337939239,0.3337939113,0.3337939124,0.3337939153,0.333793907,0.3337939078,0.333793907,0.5144355128,0.4712385907,0.5144354993,0.5144355006,0.5144354976,0.5144355001,0.8299122802,1.5602768576
19,6,8,0.1884953278,0.4673116019,300,BFGS,0.4415031865,0.4989968126,0.5576912408,0.4673115972,0.4673115993,0.4673116019,0.4673116038,0.32187152,0.2766448236,0.3031548696,0.3049704153,0.673235752,0.3690993349,0.3711497676,0.3752085862,0.3769393198,0.4300682573,0.3706613906,0.4187152923,0.4415031865
19,6,9,0.6086832664,0.6086833791,350,BFGS,1.0859361212,0.6086834857,1.0859361212,0.608684245,0.6086836289,0.6086833859,0.6086833791,0.608683301,0.6086832895,0.6086832717,0.608683269,0.6086832664,0.8368733629,0.8368776706,0.836875511,0.8720796545,0.872079964,0.8794080936,0.9940262027,1.0859361212
19,6,10,0.1439477434,0.4084067326,200,BFGS,0.8723028665,0.4084067328,0.4084067334,0.4084067326,0.4084067392,0.1439477434,0.1709456941,0.1716896671,0.1728576357,0.1751163566,0.1761638188,0.1825524011,0.1950085076,0.1981346111,0.220803316,0.274522766,0.36027525,0.5385621698,0.6458636432,0.8723028665
19,6,11,0.0746394205,0.9110624507,350,BFGS,0.1271978443,0.9110615698,0.9110615852,0.9110620832,0.9110620987,0.911062165,0.9110624507,0.1352758466,0.1355012237,0.1356293296,0.1365314083,0.1368707584,0.1383873633,0.0746394205,0.0825193619,0.0825725208,0.0940890838,0.0999905942,0.1009486378,0.1271978443
19,6,12,0.1064659739,0.1660314704,350,BFGS,1.1037320286,1.1037320286,1.1037320286,0.4241181105,0.1658457977,0.1660115165,0.1660314704,0.1662201287,0.1662495395,0.1664869712,0.1666044957,0.1666995092,0.1671569349,0.1676161295,0.1680757637,0.1685041847,0.1694801924,0.1697897934,0.2746788223,1.1037320286
19,6,13,0.2905970104,0.4043007241,450,BFGS,2.1542444075,2.1542444075,2.1542444075,0.3995360279,0.3969601691,0.3980278534,0.3989889868,0.4016235065,0.4043007241,0.4051648552,0.4117363437,1.0816369897,1.0823273282,1.0788568415,1.082770553,1.083388801,1.2783022959,1.5113093874,1.670496851,2.1542444075
19,6,14,0.4201877073,1.4462836502,350,BFGS,2.2658727325,0.5152154379,2.2658727325,0.867864806,0.8678647175,0.8678647421,1.4462836502,1.4505382671,1.4469949704,1.4472412307,1.4477266855,1.4495808847,1.4505368198,1.4527127912,1.4598910092,1.4604883972,1.4663795098,1.4734024261,1.7682977896,2.2658727325
19,6,15,0.056518658,0.0593102687,250,BFGS,0.2637073225,0.0592064234,0.0592132239,0.0592364262,0.0593102687,0.0593547159,0.0594018618,0.0595122211,0.0595881823,0.0596397221,0.0596972068,0.0598013977,0.0600667212,0.0602604585,0.0605581069,0.060817753,0.061016691,0.0611459072,0.1247822689,0.2637073225
19,6,16,0.0196352169,0.0314175391,300,BFGS,1.0568195302,0.3573560065,0.3612828456,0.3612828433,0.3612828428,0.0314175391,0.0196437605,0.0196352169,0.0196356262,0.0196439403,0.0196353247,0.0196507149,0.0196502494,0.019657357,0.0202956887,0.025305427,0.0623819405,0.0836151605,1.0568195302,1.0568195302
19,6,17,0.0942474673,0.3314229181,400,BFGS,0.5328199499,2.3444182053,0.0942474687,0.0942474673,0.0942474673,0.0942474674,0.0942474674,0.3314229181,0.3317708992,0.3318393025,0.3321732643,0.3323584493,0.332825487,0.5328199499,0.3840450555,0.3986980728,0.4206289266,0.4310538672,0.4722199689,0.5328199499
19,6,18,0.2591810814,0.2591810814,500,BFGS,1.8058473101,1.2771274972,1.8058473101,1.7160962986,1.7160955552,1.7160947978,0.9924056301,0.2591810814,0.2591810814,0.2591810814,0.2591810814,0.2591810814,0.2591810814,0.2591810814,0.2591810814,0.2591810814,0.2591810814,0.2591810814,0.5793172631,1.8058473101
19,6,19,0.1204365682,0.2631080739,400,BFGS,2.4567110825,0.3517471751,0.1217369032,0.1217368077,0.2631080735,0.2631080724,0.2631080753,0.2631080739,0.2631080727,0.263108073,0.2631080725,0.2631080727,0.2631080726,0.2631080724,0.2631080723,0.2120571918,0.2120571919,0.2002762193,0.2691998793,0.3517471751
19,7,0,0.1861153582,0.5576324333,400,BFGS,1.3841786854,0.2216246484,0.2259224315,0.2261073194,0.2350833232,0.2266831237,0.8089598021,0.5576324333,0.5576323904,0.557632388,0.5576323901,0.5576323839,0.5576323835,0.5576323835,0.5576323835,0.5576323835,0.5576323836,0.5576323835,0.8337376937,1.3841786854
19,7,1,0.0245634674,0.2989843626,500,Elitist,0.2113691885,0.2113691885,0.2113691885,0.2113691885,0.0253996029,0.0258392759,0.0259689807,0.0273269604,0.0294587273,0.2989843626,0.2459719502,0.2113691885,0.2113691885,0.2113691885,0.1391409059,0.2113691885,0.3902648221,0.3237264787,0.2113691885,0.2113691885
19,7,2,0.1584605273,0.431968688,350,BFGS,1.1746539133,0.4319686873,0.4319686928,0.4319686885,0.431968757,0.4319686924,0.431968688,0.4319686934,0.4319686829,0.4319687018,0.4319686802,0.4319686792,0.4319686794,0.4319686791,0.4319686793,0.4319686793,0.431968679,0.4319686802,1.1515739772,1.1746539133
19,7,3,0.0960972927,0.1531523294,500,BFGS,0.1561051881,0.0960972927,0.1561051881,0.0972693877,0.400552751,0.1531523294,0.1531523294,0.1531523294,0.1531523294,0.1531523294,0.1531523294,0.1531523294,0.0981787782,0.1256790512,0.1257691454,0.126034962,0.1538889891,0.1502870163,0.1542579641,0.1561051881
19,7,4,0.0903204763,0.5105084965,400,BFGS,1.1271568139,0.0903204775,0.0903204803,0.0903204763,0.5105084959,0.5105084964,0.5105084946,0.5105084965,0.5105084985,0.5105084961,0.5105084951,0.5105084976,0.5105084962,0.5105084949,0.5105084938,0.5105084937,0.5105084938,0.5105084946,0.0989258023,1.1271568139
19,7,5,0.1688838492,0.3220129419,350,BFGS,0.3806339979,0.7098037327,0.7097710399,0.7101527335,0.7103240729,0.3220129361,0.3220129419,0.20420321,0.2042032101,0.2042032101,0.290597008,0.290597008,0.290597008,0.290597008,0.290597008,0.2945239998,0.2945239999,0.2945239998,0.3251259986,0.3806339979
19,7,6,0.2311316569,1.3980095457,350,BFGS,2.0236466366,0.4476766429,0.4476767139,0.4476766432,0.4476766435,0.4476766517,1.3980095457,1.3980084892,1.3980084901,1.398008613,1.3980087601,1.3980084624,1.0170903152,1.0170903184,1.0170903097,0.9935283647,0.9935283648,0.9935283648,1.9072195316,2.0236466366
19,7,7,0.2870496162,0.2951708048,350,BFGS,0.6732564686,0.6732564686,0.2895831898,0.2899842503,0.2891668605,0.2881412858,0.2951708048,0.3060102078,0.310068382,0.6060159927,0.6060787888,0.6061026121,0.606179752,0.6062436344,0.5658241682,0.5658434913,0.5658781029,0.5655911649,0.6267291732,0.6732564686
19,7,8,0.1492435703,0.5065816713,300,BFGS,0.4253667022,0.1688602944,0.5065821078,0.5065827304,0.5065815251,0.5065816713,0.1722921256,0.1743107119,0.1775856671,0.4253667022,0.2835504645,0.4179807008,0.2885514858,0.2947369505,0.2999078327,0.3038504665,0.3360275608,0.3396685027,0.4346033711,0.4253667022
19,7,9,0.0985526728,0.2434731188,350,BFGS,0.1178669705,0.29845099,0.2984509914,0.8560836968,0.2434731185,0.2395461277,0.2434731188,0.2434731188,0.2434731186,0.2434731187,0.2434731187,0.1138824213,0.1178094121,0.1178094121,0.117809412,0.1178094121,0.1178094121,0.1178094121,0.1178094186,0.1178669705
19,7,10,0.3534288613,0.3612828427,400,BFGS,1.0335558768,0.5379974313,0.5419244684,0.3534288613,0.3573558521,0.5301434945,0.3612828439,0.3612828427,0.3612828438,0.3612828447,0.3612828447,0.3612828446,0.3612828448,0.4880619209,0.4880606205,0.4880639681,0.4880608046,0.4881898978,0.5048771259,1.0335558768
19,7,11,0.1727880941,1.0838491651,500,BFGS,1.1486105091,0.858360698,1.1486105091,0.9385506256,0.9189155549,0.9149894994,0.9149887506,1.0838491975,1.0838491904,1.0838491651,1.1486105091,1.087776144,1.275803346,1.1486105091,1.1486105091,1.1176865767,1.208048599,1.6544176931,1.223455633,1.1486105091
19,7,12,0.3109475899,0.3848448692,450,BFGS,1.3291950352,0.3848451959,0.3848448968,0.38484539,0.3848451776,0.3848449349,0.3848449363,0.3848447987,0.3848448692,0.3848448124,0.3848448208,0.3848447963,0.3848447968,0.3848447977,0.3848447981,0.3848447952,0.3848447916,0.3848447898,0.6949616866,1.3291950352
19,7,13,0.3569159539,0.4280416898,400,BFGS,0.5101335818,0.428041688,0.4280416924,0.4280416886,0.4280416867,0.4280416867,0.4280416872,0.4280416898,0.4280416883,0.3813935513,0.3819090105,0.3828457789,0.3853739216,0.3870509855,0.3893815213,0.3928476714,0.3984295884,0.4006839035,0.4481302459,0.5101335818
19,7,14,0.0903204763,0.3946937505,400,BFGS,0.2412941984,0.2748890471,0.2412941984,0.0903204763,0.394693776,0.3946937797,0.3946937635,0.3946937505,0.3946937538,0.3946937794,0.3946937876,0.3946937613,0.184754675,0.1768432224,0.1768440073,0.176842542,0.1768434665,0.1769416657,0.1797228341,0.2412941984
19,7,15,0.3495018709,0.3495018841,350,BFGS,1.2678250257,0.6796705909,0.3495018785,0.3495019522,0.3495018909,0.3495018709,0.3495018841,0.5458514146,0.5576323855,0.5576323867,0.5654863665,0.5654863661,0.5537053946,0.5537053944,0.561559377,0.561559376,0.561559376,0.5615593758,0.8893608091,1.2678250257
19,7,16,0.1099554304,1.4451323284,250,BFGS,0.424216348,1.3695033086,1.3690043012,1.3940815689,1.4451323284,1.4451327368,1.4451323271,1.4451323159,1.4451326397,0.4948005387,0.4948005367,0.4948005308,0.494800534,0.4948005318,0.4948005309,0.1099554304,0.1338354445,0.1338655545,0.3270309286,0.424216348
19,7,17,0.1845682591,0.7304201221,400,BFGS,1.5208672651,1.7359323483,1.5208672651,1.735937655,0.5398472864,0.5399634638,0.734347122,0.7304201221,0.7343471206,0.7343471212,0.7343470938,0.7343471175,0.7343470979,0.7343470439,0.7304200902,0.7343471152,0.7343470231,0.7343471171,1.5208672651,1.5208672651
19,7,18,0.3887717992,0.6086832659,500,BFGS,1.2508542232,1.1623935613,1.1623905178,1.1623892303,0.451603641,0.4516036413,0.6086832657,0.6086832682,0.6086832643,0.6086832659,0.6086832682,0.6086832646,0.6086832652,0.6086832645,0.6086832651,0.6086832644,0.6086832646,0.6086832646,0.9564094324,1.2508542232
19,7,19,0.0667585314,0.5296770318,350,BFGS,0.1759708088,1.6160088494,0.3027296969,0.2792444764,0.3028929632,0.5300450672,0.5296770318,0.6753349105,0.6763105965,0.676847373,0.6773700066,0.6776800859,0.153509016,0.1535571766,0.1536124546,0.1536940798,0.1537698575,0.1383483627,0.1477793593,0.1759708088
20,6,0,0.5975855668,0.6712525753,200,PSO,1.3818518187,1.5012311793,0.6713803369,0.6712525753,1.0264927922,1.6187061938,1.8162926206,1.737188577,1.8162926204,1.8162926204,1.6187061939,1.8162926204,1.8162926204,1.2747756211,1.6500224715,1.8162926204,1.8162926204,1.8162926208,1.8162926204,1.8162926204
20,6,1,0.6887388806,1.067487855,150,PSO,1.3028434352,1.3028434352,1.067487855,1.3028434352,1.381994254,1.2856772988,1.4402111399,1.4370051914,1.7371885769,1.7371885769,1.7371885769,1.7372659373,1.7371885772,1.7371885859,1.7371885769,1.7371885769,1.737188617,1.7371885771,1.7371885771,1.7371885772
20,6,2,0.2373230551,0.671156008,200,DE,0.671156008,0.671156008,0.2373230551,0.671156008,1.5431049037,0.671156008,0.671156008,0.6711560086,0.671156008,0.671156008,0.671156008,0.671156008,0.671156008,0.671156008,0.6711678063,0.6716970789,0.6739120415,1.5431049037,1.1489242184,1.5431049037
20,6,3,0.7162105587,1.61889004,200,Non-elitist,2.4876323854,1.6976487743,0.7911621188,1.61889004,1.6583585317,1.4917152279,1.61889004,1.4917152279,1.4213035364,1.421356311,1.5397859074,1.4221959141,1.6191531567,1.6189207742,1.6188899522,1.6188899508,1.6188907879,1.6188905458,1.6188901234,1.61889004
20,6,4,0.4737533385,0.9475724799,200,DE,3.1991295136,1.1363784696,0.5926597422,0.9475724799,0.8303526155,0.9475724799,0.947579254,0.9479815588,1.0266765233,1.0266765233,1.0266765234,1.0266765233,1.0266765234,1.0266765233,1.0266780089,1.0266766181,1.0266765693,1.0266765236,1.0266765234,1.0266765235
20,6,5,0.9543997184,1.4213746403,200,PSO,2.1148717782,1.5002461048,1.4213602627,1.4213746403,1.4216922567,1.4262187434,2.0135392458,2.0135392472,2.0135392458,2.0135392489,2.0135392458,2.0135392459,2.0135392459,2.0135392459,2.0135392458,2.0135393063,2.0135392733,2.0135392506,2.0135392464,2.0135392461
20,6,6,0.829120046,0.829120046,200,PSO,1.8865259858,1.6978325313,1.6188899508,0.829120046,1.0669344277,0.8296747618,1.4221030985,1.3820132816,1.3827879205,1.4222886025,1.4222885989,1.4222885988,1.4222885988,1.4222885988,1.4223020484,1.4222885988,1.4222885992,1.4222886088,1.4222886037,1.4222886062
20,6,7,0.9084882472,1.0269162942,200,PSO,2.4086898049,1.7371885769,1.8952352009,1.0269162942,2.0534125681,2.0533530467,1.6581801935,1.8557666201,1.8557666256,1.8557666201,1.8557666201,1.8557666201,1.8557666201,1.8557666201,1.8557666201,1.8557666212,1.8557666253,1.8557666203,1.8557666285,1.8557666212
20,6,8,0.7108843193,1.5089682483,200,PSO,2.3688760041,1.1449093465,1.1715705833,1.5089682483,1.8556051571,1.8556967848,1.7766402826,1.7766402826,1.7767094432,1.7766402826,1.776640284,1.7766402826,1.7766402826,1.771528358,1.7766402826,1.7766402826,1.7766403094,1.7766402933,1.776640283,1.776640283
20,6,9,1.0413420713,1.3825914265,200,PSO,2.1319281131,2.0531692896,1.3821021918,1.3825914265,2.0135169518,2.0135169518,2.0135169518,1.6629641798,1.304203594,2.0135169518,2.0135169518,1.6654499755,2.0135169526,2.0135172286,2.0135169519,2.0135169518,2.0135169639,2.0135169601,2.0135169545,2.013516952
20,6,10,0.9475066769,2.2111033784,200,DE,2.005008369,1.3028434352,1.737122774,2.2111033784,2.2111033784,2.2111033784,2.1319993354,2.2111033784,2.2111033784,2.2111033784,2.2111033784,2.2111033784,2.2111033784,2.2111033784,2.2111033784,2.2111033784,2.2111033784,2.2111033784,2.2111033784,2.2111033784
20,6,11,0.0,2.61004e-05,200,PSO,2.1234907521,5.23755e-05,3.53539e-05,2.61004e-05,0.0,0.0002006914,0.0,0.0004425681,0.0,0.0,2.1356175146,0.0,0.0185450914,0.0127110127,0.0488570937,4.35607e-05,2.1356175146,0.7133418562,0.8576662941,2.1356175146
20,6,12,0.2374339561,0.4792018773,200,PSO,1.5397201044,0.2374339561,1.1058165638,0.4792018773,1.1452083777,2.0633632809,2.0633632809,1.1463359125,1.5002461048,1.5002461049,1.5002461048,1.5002461048,1.5002461048,1.5002461048,1.5002461448,1.5004104563,2.0633632809,1.535883292,1.6544036867,2.0633632809
20,6,13,0.9475066769,0.947528551,200,PSO,0.9475066769,0.9475066769,0.9475590223,0.947528551,0.9475066769,0.9476258025,0.9477664106,1.7419165351,2.004148809,2.092643291,2.0926432893,2.0926432896,2.0926432893,2.0926432893,1.7471546858,2.0926432893,2.0926432893,2.0926432903,2.0926432893,2.0926432893
20,6,14,0.4737533385,0.4738506102,200,PSO,2.6847610568,1.1054353468,0.4737533385,0.4738506102,0.9080326772,0.9080326772,0.9080326796,0.9080326773,0.9080326772,0.9080326772,0.9080326773,0.9080326772,0.908033553,0.9080326772,0.9080326967,0.9080326772,0.9080326775,0.9080326773,0.9080326773,0.9080326772
20,6,15,1.1140784072,1.3820885976,200,PSO,1.8950568627,1.5399952148,1.1140784072,1.3820885976,1.1845136708,1.5397859075,1.539943501,1.5397859076,1.5397859079,1.5397859074,1.5397859074,1.5397859075,1.5397859074,1.5397859074,1.5397872199,1.5397859074,1.5397859074,1.5397859126,1.5397859083,1.5397859075
20,6,16,0.9095370426,1.9740652462,200,BFGS,2.1234026551,2.4392877077,2.2024110385,1.9740652462,1.9740652462,1.9740652462,1.9740652462,1.9740652462,1.6976487743,1.9740652462,1.9740652462,1.4337548932,1.9740652462,1.9740656751,1.9740652462,1.9740652462,1.9740652462,1.9740652472,1.9740652462,1.9740652462
20,6,17,0.6785293494,1.8556170666,200,PSO,2.7636813432,2.4478843876,2.4478843876,1.8556170666,1.8556172967,1.737122774,1.7372760734,1.5093444793,1.737122774,1.7371227741,1.737122774,1.737122774,1.7371227748,1.7371239239,1.737122774,1.737122774,1.7371227991,1.737122774,1.7371227742,1.7371227748
20,6,18,0.4778442396,1.335756698,200,PSO,1.7680604779,1.7680604779,0.9107109478,1.335756698,1.7680604779,1.1059775931,1.4062567856,1.2169040436,1.6583786316,1.6596557373,1.6582682905,1.2633694355,1.2633694355,1.2844580825,1.2633694355,1.2633724812,1.2633824095,1.2637388864,1.26338968,1.2633762831
20,6,19,0.2731249007,1.0266765268,200,DE,1.6581801935,0.2731249007,0.8293035081,1.0266765268,1.2633694355,1.2633694399,1.263369439,1.2633694355,1.2633694355,1.2633694355,1.2633694355,1.2295993653,1.2633694355,1.2633699578,1.2633696944,1.2633694355,1.2633694355,1.2633694358,1.2633694355,1.2633694355
20,7,0,0.9080867141,2.4875078404,150,PSO,1.8951226657,2.4873583873,2.4875078404,1.3677527285,1.3028434352,1.3028434352,1.5004298618,1.5004298618,1.5004298618,1.5004298618,1.5004298618,1.5004298622,1.5004298618,1.5004298618,1.5004298618,1.5004298618,1.5004298621,1.5004298618,1.5004298618,1.5004298618
20,7,1,1.0264927663,1.2282906223,200,Non-elitist,2.8439542183,1.2282906223,1.0264927663,1.2282906223,1.1844991128,1.1844826479,1.1844268552,1.1846825077,1.1848871845,1.1844268587,1.1844268578,1.2282906223,1.2282906223,1.1844268614,1.2282906223,1.1844268792,1.2282906223,1.184935713,1.2282906223,1.2282906223
20,7,2,0.0083743289,1.0264927663,200,BFGS,0.9080326772,1.342761798,0.2372058158,1.0264927663,1.0264927663,1.0264927663,1.224079193,1.2240791929,1.2240791929,1.2240791929,1.2240791929,1.2240791966,1.2240791929,1.0775627411,1.2240791929,1.2240791929,1.2240791929,1.224079193,1.2240791932,1.224079193
20,7,3,0.237471492,1.0264927663,200,BFGS,0.671156008,1.6893016544,1.0264927663,1.0264927663,1.1054353468,1.1054353468,1.1054353468,1.1054353468,1.1054353468,1.1054353468,1.1054353468,1.1054353468,1.1054353508,1.1054353495,1.1054353468,1.1054353468,1.1054353468,1.1054353468,1.1054353468,1.1054353468
20,7,4,0.9291567205,0.9291567205,150,PSO,2.1321118701,2.369789914,0.9291567205,2.4083445852,2.408344585,2.629900649,2.5277239456,2.40834462,2.4874486284,2.5277239456,2.5277239456,2.4874486284,2.5277239456,2.408344585,2.5277239488,2.629900649,2.629900649,2.5359986582,2.629900649,2.629900649
20,7,5,0.5926520765,1.3029516924,200,PSO,1.3820132816,1.3697277289,1.934982776,1.3029516924,1.737122774,1.7371442606,1.7371227745,2.0135863273,2.0135392459,2.0135392458,2.0135392485,2.0135392459,2.0135517434,2.0135392572,2.0135392458,2.0135392458,2.0135392554,2.0135392459,2.0135392472,2.0135392461
20,7,6,1.0626793755,1.3818632766,200,PSO,2.5972217965,1.3818518187,1.1054353468,1.3818632766,1.3818518187,1.3818518197,1.3818518187,1.3818518187,1.3818518187,1.3818518187,1.3818518187,1.3818518187,1.3818518187,1.3818518187,1.3818518187,1.3818518187,1.3818518187,1.3818518187,1.3818518187,1.3818518187
20,7,7,0.6284591436,1.6976487744,200,Non-elitist,1.3028434352,1.1054353468,1.1054353468,1.6976487744,1.1054353469,1.1055482251,1.6976487743,1.6977296278,1.6978988092,1.6976487743,1.6976487744,1.2647490343,1.6976487749,1.6976487743,1.6976505307,1.6976498942,1.6976487754,1.6976487746,1.6976487752,1.6976487744
20,7,8,0.7124914984,1.4614711068,200,PSO,1.9749845178,0.9088015019,1.5010346574,1.4614711068,1.8952352009,1.8958121633,1.3825823285,1.342822431,1.3429053167,1.6979976023,1.6976487743,1.3974206945,1.6976487775,1.6976487743,1.6976490873,1.6976490873,1.6976488606,1.6976487744,1.6976487757,1.6976487749
20,7,9,0.4739642541,1.1450292828,200,PSO,1.1363784696,1.5791886852,1.5794256098,1.1450292828,1.6979133033,1.6188904741,1.6978325314,1.6979707577,1.2745466082,1.6983678978,1.73810785,1.7381078486,1.6978325313,1.7158814142,1.6602042879,1.6979031294,1.7937457538,1.7857905562,1.8148711471,2.2450599135
20,7,10,0.6724775425,1.8161311574,200,DE,2.7242127624,1.8161311578,0.6724775425,1.8161311574,1.816151178,1.8161311575,1.8161311574,1.8161311575,1.8161311574,1.8161311574,1.8161311574,1.8161311574,1.8161311574,1.8161311575,1.8161311575,1.8161313303,1.8161311575,1.8161311639,1.8161311591,1.8161311578
20,7,11,0.2581255245,0.4738741699,200,PSO,1.4609558621,1.7371885769,1.1844491493,0.4738741699,1.3038285098,0.7106300077,1.1844491493,1.1844491491,1.1844491541,1.1844491491,1.1844491491,1.1844491549,1.1844491491,1.1844491493,1.1844491491,1.1844491492,1.1844491492,1.1844491492,1.1844491494,1.1844491493
20,7,12,0.0001105239,0.8685844038,200,PSO,1.1844491491,1.1844491491,1.2240791929,0.8685844038,1.6583585317,1.5792544882,1.6986338489,1.5792544882,1.5792544883,1.5792544882,1.5792544882,1.5792544882,1.5792567065,0.9488977098,1.579254882,1.5792547458,1.5792544885,1.5792544963,1.5792544885,1.5792544885
20,7,13,0.5290195085,0.7107653909,200,PSO,1.2633694355,1.2633694355,0.8292806479,0.7107653909,0.71084088,0.7106958106,0.7106958316,0.7116730669,0.7107873966,0.7106958106,0.7106958128,0.7106958109,0.7106958106,0.7279721897,1.1919877803,0.727741999,0.8068584978,0.7146065173,1.1919877803,1.1919877803
20,7,14,0.2372494294,1.0264927663,150,BFGS,1.0264927663,1.0264927663,1.0264927663,1.0264927665,1.2633694356,1.2633694357,1.2633694356,1.2633694383,1.2633694383,1.2633694355,1.2633694355,1.2633694355,1.2633694355,1.2633694355,1.2633694355,1.2633694355,1.2633694356,1.2633694356,1.2633694356,1.2633694356
20,7,15,0.908102213,1.6191222661,200,PSO,1.9345254435,1.5403838981,1.7381078485,1.6191222661,1.342312016,1.342312016,0.9301697954,1.3425726839,1.3423120161,1.342312016,1.342312016,1.3423120162,1.342312016,1.3423138154,1.3423126872,1.3423120889,1.3423120161,1.3423120177,1.3423120162,1.3423120162
20,7,16,0.7109164947,1.9345254435,200,Elitist,1.7285918971,1.610131808,1.8960419373,1.9345254435,1.8557666201,1.8960419373,1.8960419373,2.0530079405,2.0530079405,1.8960419373,1.8960419373,2.0530078358,2.0530078568,2.0530078267,2.0530079405,2.0530999947,2.0530148315,2.0530098021,2.0530081105,2.0530079405
20,7,17,0.6087538642,1.8161311575,200,Non-elitist,1.6187284879,2.0531692896,1.1085878056,1.8161311575,1.3825394648,1.8161311575,1.8161311574,1.8161311574,1.8161311575,1.8161311574,1.8161311574,1.8161311574,1.8161311574,1.8161311584,1.8161311574,1.8161311574,1.8161311575,1.8161311574,1.8161311575,1.8161311575
20,7,18,0.6713431207,0.6723547267,200,PSO,1.7287756541,1.6978325313,1.9833161734,0.6723547267,1.1054353504,1.1054353468,0.6799324426,0.6715507193,1.1456304498,1.3449363138,1.6187284901,1.3534653672,1.6187284895,1.6187284879,1.6187597055,1.6187284879,1.4594283872,1.6187284922,1.6187284911,1.6187284931
20,7,19,1.3192402255,2.2109419157,200,Non-elitist,2.9610671376,1.9654685663,2.2109419157,2.2109419157,1.5024625213,1.5440956853,1.9670501749,1.785572541,2.2116281868,2.2109419154,2.2109419154,2.2109419155,2.2109419154,2.2109419157,1.8948632057,2.2109427467,2.2109419156,2.2109419158,2.2109419164,2.2109419157
21,6,0,0.4487129195,1.9377404959,50,Non-elitist,1.9377404959,1.9377404959,1.9377404959,1.9377404959,1.9377404959,1.9377404959,1.9377404959,1.9377405444,1.9377410464,1.9377540737,1.9377404959,1.9377404989,1.937740531,1.9377406463,1.9377404959,1.9377404972,1.9377404962,1.9377404959,1.9377404959,1.9377404959
21,6,1,0.1533929765,0.6918569112,100,Non-elitist,0.6918569112,0.6918569112,0.6918569112,0.6918569112,0.6918569112,0.6918569112,0.6918569112,0.6918569323,0.6918569214,0.6918569116,0.6918569112,0.6918569112,0.6918570853,0.6918569346,0.6918569112,0.6918569112,0.6918569112,0.6918569112,0.6918569112,0.6918569112
21,6,2,1.9472028723,3.1698055873,50,Elitist,3.1698055873,3.1698055873,3.1698055873,3.1698055873,3.1698055873,3.1698055873,3.1698055873,3.1698055873,3.1698055873,3.1698055873,3.1698055873,3.1698055873,3.1698055873,3.1698055873,3.1448295563,3.1698056628,3.1698055959,3.1698055874,3.1698055873,3.1698055873
21,6,3,0.6918569112,1.9379608588,100,PSO,0.6918569157,1.9379608588,3.6378353676,3.6378353676,3.6378353676,3.6378353676,3.6378353676,3.6378353676,3.6378353676,3.6378353676,3.6378353676,3.6378353676,3.6378353676,3.6378353683,3.6378353676,3.6378353677,3.6378353681,3.6378353682,3.6378353677,3.6378353676
21,6,4,1.9377404959,3.1698055873,150,Non-elitist,3.1698055873,3.1698055873,3.1698055873,3.1698055873,3.1698055873,3.1698055873,3.1698055873,3.1698055873,3.1698055875,3.1698055873,3.1698056008,3.1698055873,3.16980561,3.1698055903,3.1698055881,3.1698055874,3.1698055873,3.1698055873,3.1698055873,3.1698055873
21,6,5,1.9377404959,1.9377404966,50,DE,1.9377404966,1.9377404959,1.9377404959,1.9377404959,1.9377404959,1.9377405138,1.9377404959,1.9377404959,1.9377404959,1.9377404959,1.9377404959,1.9377404959,1.9377404959,1.9377406671,1.9377404967,1.9377404959,1.9377405071,1.9377404959,1.9377404959,1.9377404959
21,6,6,0.4258661633,3.1698055873,100,BFGS,3.1698055873,3.1698055873,3.1698055873,3.1698055873,3.1698055873,3.1698055873,3.1698055873,3.1698055873,3.1698055873,3.1698055873,3.1698055873,3.1698055873,3.1698055873,3.1698055873,3.1698055873,3.1698055873,3.1698055873,3.1698055873,3.1698055873,3.1698055873
21,6,7,0.0,0.0,150,Elitist,0.0,4.91e-08,0.0,0.0,4.79e-08,1.5011e-06,1.713e-07,6.91e-08,9.9e-09,3e-10,0.0,0.0,0.0,0.0,0.0,0.0,0.0,0.0,0.0,0.0
21,6,8,0.4905086637,3.1698055873,100,BFGS,3.1698055873,3.1698055873,0.4905086637,3.1698055873,3.1698055873,3.1698055873,3.1698055873,3.1698055873,3.1698055873,3.1698055873,3.1698055873,3.1698055883,3.1698055897,3.1698055873,3.1698055873,3.1698055875,3.1698055873,3.1698055873,3.1698055873,3.1698055873
21,6,9,0.2446113725,3.1698055873,50,Elitist,3.1698055873,2.7779884071,2.7779884071,5.5251467716,2.7779890605,2.7779884071,2.7779884071,2.7779884096,2.781532298,2.7779884071,2.7779884071,2.7779885207,2.7834037543,2.7779884605,2.7779884074,2.79628905,2.8172913943,3.0272587575,4.5418110905,5.5251467716
21,6,10,1.9377404959,1.9377404959,100,Elitist,1.9377404959,1.9377404959,1.9377404959,1.9377404959,1.9377404959,1.9377404959,1.9377404959,1.9377404959,1.9377404959,1.9377404959,1.9377404959,1.9377404962,1.9377404965,1.9377404959,1.9377404959,1.9377404959,1.9377404959,1.9377404959,1.9377404959,1.9377404959
21,6,11,0.1583877195,3.1698055873,150,Non-elitist,3.1698055873,3.1698055873,3.1698055873,3.1698055873,3.1698055873,3.1698055873,3.1698055873,0.1583877195,3.1698055873,3.1698055875,3.1698056141,3.1698055881,3.1698055874,3.1698055885,3.1698055877,3.1698055874,3.1698055873,3.1698055873,3.1698055873,3.1698055873
21,6,12,0.6918569112,0.6918639387,50,PSO,0.6918639387,0.6918569112,1.9377404959,0.6918569112,0.6918569173,1.9377404959,1.9404925958,1.9377404959,1.9377921331,1.9377404959,1.9377404959,1.9377404959,1.9377793977,1.9377489522,1.937740496,1.9377407478,1.9377404959,1.9377405005,1.9377404959,1.9377404959
21,6,13,1.0661673852,3.1698055873,200,BFGS,3.1698055873,3.1698055873,3.1698055873,3.1698055873,3.1698055873,3.1698055873,3.1698055873,3.1698055873,3.1698055873,3.1698055873,3.1698055873,3.1698055873,3.1698055882,3.1698055888,3.1698055873,3.1698055873,3.1698055873,3.1698055873,3.1698055873,3.1698055873
21,6,14,0.0002985219,3.1698055873,100,BFGS,3.1698055873,3.1698055873,3.1698055873,3.1698055873,3.1698055873,3.1698055873,3.1698055873,3.1698055873,3.1698055873,3.1698055873,3.1698055873,3.1698055873,3.1698055874,3.1698055874,3.1698055873,3.1698055881,3.1698055873,3.1698055873,3.1698055873,3.1698055873
21,6,15,0.0028059705,3.1698055873,100,Non-elitist,3.6378353677,3.1698055873,3.1698055873,3.1698055873,3.1698055873,3.1698055873,3.1698055873,3.1698055873,3.1698055873,3.1698055873,3.1698055875,3.1698055873,3.1698055873,3.1698055874,3.1698055879,3.169805638,3.1698055873,3.1698055873,3.1698055874,3.1698055873
21,6,16,1.9352106242,3.1698055873,250,BFGS,3.1698055873,3.1698055873,3.1698055873,3.1698055873,3.1698055873,3.1698055873,3.1698055873,3.1698055873,3.1698055873,3.1698055873,3.1698055893,3.169805594,3.1698055873,3.169805588,3.1698055873,3.1698055873,3.1698055873,3.1698055873,3.1698055873,3.1698055873
21,6,17,0.3518908576,3.1698055873,250,BFGS,3.1698055873,3.1698055873,3.1698055873,3.1698055873,3.1698055873,3.1698055873,3.1698055873,3.1698055873,3.1698055873,3.1698055873,3.1698055873,3.1698055875,3.1698055873,3.1698055873,3.1698055873,1.9956267883,3.1698055873,3.1698055873,3.1698055873,3.1698055873
21,6,18,2.1090329743,2.1287126098,50,PSO,2.1287126098,2.118634928,2.7779884071,2.7779884168,2.7779884072,2.7779884072,2.7779884071,2.7779884072,2.7782834071,2.7779884071,2.778027123,2.7779884071,2.7779884072,2.7779884071,2.7779884077,2.7779884382,2.7779884121,2.7779884073,2.7779884072,2.7779884072
21,6,19,0.1217620129,3.1698055873,100,Non-elitist,3.1698055873,3.1698055873,3.1698055873,3.1698055873,3.1698055873,3.1698055873,3.1698055873,3.1698055873,3.1698056199,3.1698055873,3.1698056174,3.1698055873,3.1698055875,3.1698055873,3.1698055873,3.1698055873,3.1698055873,3.1698055873,3.1698055873,3.1698055873
21,7,0,1.9131764822,2.4729792194,100,PSO,2.472975284,2.4729792194,2.4729750586,2.4729738584,2.4732426465,2.4729882745,2.4729845899,2.4729750444,2.4729738584,2.4729738619,2.472974114,2.4729739163,1.9131764822,2.4729738613,2.4729738584,2.4729738585,2.4729738584,2.4729738584,2.4729738584,2.4729738584
21,7,1,0.0621464212,2.7779884071,150,Non-elitist,3.0017000182,2.7779884071,2.7779884071,2.7779884071,2.7779884071,2.7779884208,2.7779884084,2.7779884071,2.7779884198,2.7779884071,2.7779884071,2.7779884071,2.7779884072,2.7779884071,2.7779884071,2.7779884073,2.7779884071,2.7779884071,2.7779884071,2.7779884071
21,7,2,0.0,2.0436611087,100,Non-elitist,2.0436696509,2.0436611087,2.0436611087,2.0436611087,2.0436613513,1.9487540033,2.0436611087,2.0436611087,2.0436611087,2.0436611088,2.0436611087,2.0436611166,2.0436611117,2.0436611087,2.0436611089,2.0436611087,2.0436611087,2.0436611087,2.0436611087,2.0436611087
21,7,3,0.0,3e-09,100,BFGS,0.0,3e-09,0.0,0.0,4.2e-08,1.872e-07,2.2e-08,6e-10,1e-10,0.0,0.0,0.0,0.0,0.0,0.0,0.0,0.0,0.0,0.0,0.0
21,7,4,0.0,0.0,100,Non-elitist,0.0,0.0,0.0,0.0,2.126e-07,0.0,0.0,0.0,3.2e-09,3e-10,0.0,0.0,0.0,0.0,0.0,0.0,0.0,0.0,0.0,0.0
21,7,5,1e-10,2e-10,100,PSO,3.6378353676,2e-10,3.6378353676,3.6378353676,3.6378353676,3.6378353676,3.6378353676,3.6378353676,3.6378353676,3.6378353676,3.6378353676,3.6378353676,3.6378353676,3.6378353676,3.6378353676,3.6378353683,3.6378353677,3.6378353676,3.6378353676,3.6378353676
21,7,6,1.6655289503,2.0436611118,100,DE,2.0436611087,2.0436611118,2.0437056769,1.6655289503,2.0436611087,2.0436611087,2.0436611087,2.0436611087,2.0436611087,2.0436611164,2.0436611087,2.0436611087,2.0436611161,2.0436611092,2.0436611091,2.0436611089,2.0436611087,2.0436611087,2.0436611087,2.0436611087
21,7,7,0.0,0.0,200,Non-elitist,0.0,2.7779884071,0.0,0.0,0.0,0.0,0.0,5.9e-09,4.71e-08,6e-10,0.0,0.0,0.0,0.0,0.0,0.0,0.0,0.0,0.0,0.0
21,7,8,0.1241889796,2.0436649763,100,PSO,1.5652888597,2.0436649763,2.0436611087,2.0436611087,2.0436611087,2.0436611087,2.0436611087,2.0436611087,2.0436611087,2.0436611087,2.0436611087,2.0436611659,2.0436611111,2.0436611168,2.0436611087,2.0436611087,2.0436611087,2.0436611087,2.0436611087,2.0436611087
21,7,9,0.0,0.0,50,Elitist,0.0,0.0,1.22e-08,1.4e-09,0.0,2.8e-09,0.0,0.0,0.0,0.0,1.4e-09,1e-10,0.0,0.0,0.0,0.0,0.0,0.0,0.0,0.0
21,7,10,2.0436611087,2.0436611087,100,Non-elitist,2.0436611087,2.0436611087,2.0436611087,2.0436611087,2.0436611087,2.0436611087,2.0436611087,2.0436611087,2.0436611087,2.0436611087,2.0436611087,2.0436611087,2.0436611093,2.0436611087,2.0436611087,2.0436611117,2.0436611088,2.0436611087,2.0436611087,2.0436611087
21,7,11,0.0063774033,2.0436611087,100,Non-elitist,2.0436611087,2.0436611087,2.0436676479,2.0437011156,2.0436611087,2.0436611087,2.0436611087,2.0436611087,2.0436611087,2.0436611087,2.0436611087,2.0436611092,2.0436611087,2.0436611167,2.0436611087,2.0436611098,2.0436611088,2.0436611087,2.0436611087,2.0436611087
21,7,12,0.0541221341,2.7779884071,100,BFGS,4.3990560862,2.7779884071,2.7779884104,2.7779884109,2.7779884071,2.7779884164,2.7779884071,2.7779884391,2.7779884128,2.7779884071,2.7779884317,2.7779884071,2.777988408,2.7779884085,2.7802774817,3.4317208905,3.4626581077,3.3636364624,3.912227287,4.3990560862
21,7,13,0.0,3.6378353676,100,BFGS,6e-10,3.6378353676,1.11e-08,0.0,0.0,0.0,0.0,0.0,2.6e-09,8e-10,0.0,0.0,0.0,0.0,0.0,0.0,0.0,0.0,0.0,0.0
21,7,14,0.0,4e-10,100,BFGS,1.8030193778,4e-10,0.0,0.0,0.0,0.0,0.0,0.0,6e-10,4e-10,0.0,0.0,0.0,0.0,0.0,0.0,0.0,0.0,0.0,0.0
21,7,15,0.0,1.6e-09,150,BFGS,0.9299973893,2.132e-07,1.6e-09,0.0,0.0,0.0,0.0,0.0,0.0,0.0,3.33e-08,1.17e-08,1.5e-09,1e-10,0.0,0.0,0.0,0.0,0.0,0.0
21,7,16,0.0,0.0,50,Non-elitist,0.0,0.0,2.8e-09,1e-10,0.0,1.758e-07,3.1e-09,1e-10,0.0,0.0,0.0,0.0,0.0,0.0,0.0,0.0,0.0,0.0,0.0,0.0
21,7,17,0.1406077645,3.6378353676,50,Non-elitist,3.6378353676,3.6378353676,3.6378353676,3.6378353676,3.6378353676,3.6378353676,3.6378353676,3.6378353681,3.6378353676,3.6378353676,3.6378353676,3.6378353777,3.6378353682,3.6378353678,3.6378353677,3.6378353676,3.6378353676,3.6378353676,3.6378353676,3.6378353676
21,7,18,0.0522292143,2.0436611087,50,Non-elitist,2.0436611087,2.0436611087,2.0436611087,2.0436611087,2.0436611087,2.0436611087,2.0436611087,2.0436611113,2.0436611098,2.0436611145,2.0436616831,2.0436611099,2.0436611144,2.0436611087,2.0436611091,2.0436611088,2.0436611087,2.0436611087,2.0436611087,2.0436611087
21,7,19,0.0,1.9377404959,100,Non-elitist,1.9377404959,1.9377404959,1.9377404959,1.9377404959,1.937741114,1.9377547801,1.9377405064,1.9377404983,1.9377615757,1.9377459727,1.9377409776,1.9377405579,1.9377405044,1.9377404978,1.9377404982,1.9377404959,1.937740496,1.9377404959,1.9377404959,1.9377404959
22,6,0,0.0146187008,5.0627374564,100,BFGS,5.0627374564,5.0627374564,5.0627374564,5.0627374564,5.0627374564,5.0627374564,5.0627374564,5.0627374566,5.0627374564,5.0627374564,5.0627374564,5.0627374564,5.0627374571,5.0627374564,5.0627374564,5.0627374564,5.0627374564,5.0627374564,5.0627374564,5.0627374564
22,6,1,0.6918569112,0.6918569112,100,Non-elitist,0.6918569112,0.6918569112,0.6918569115,0.6918569112,0.6918569112,0.6918569112,0.6918569112,0.6918569112,0.6918569112,0.6918569112,0.6918569112,0.6918569283,0.6918569113,0.6918569112,0.6918569112,0.6918569112,0.6918569112,0.6918569112,0.6918569112,0.6918569112
22,6,2,0.6918569112,0.6918569112,100,BFGS,0.6918569112,0.6918569112,0.6918569112,0.6918569116,0.6918569112,0.6918569112,0.6918569112,0.6918569112,0.6918569112,0.6918569112,0.6918569112,0.6918570273,0.6918569244,0.6918569334,0.6918569112,0.6918569113,0.6918569112,0.6918569113,0.6918569112,0.6918569112
22,6,3,0.0,0.0,50,Non-elitist,0.0,4.69e-08,1e-10,0.0,0.0,0.0,0.0,0.0,0.0,0.0,9.7e-09,0.0,4e-10,1e-10,0.0,0.0,0.0,0.0,0.0,0.0
22,6,4,0.6535461519,5.0627374564,50,Non-elitist,5.0627374564,5.0627374564,5.0627374564,5.0627374564,5.0627374564,5.0627374564,5.0627374577,5.0627374564,5.0627374564,5.0627374564,5.0627374894,5.0627374564,4.8382605365,5.0627374564,5.0627374566,4.8382605365,5.0627374564,5.0627374564,5.0627374564,5.0627374564
22,6,5,0.1576813196,0.6918625537,50,PSO,0.6918625537,0.6918569112,0.6918569112,0.6918590723,0.6918569112,0.6918569112,0.6918569112,0.6918569112,0.6918569112,0.6918569112,0.6918569112,0.6918569112,0.6918569231,0.6918569112,0.6918569112,0.6918569114,0.6918569112,0.6918569112,0.6918569112,0.6918569112
22,6,6,0.6918569112,0.6918569112,100,Non-elitist,0.6918569112,0.6918569112,0.6918569112,0.6918569112,0.6918569112,0.6918569112,0.6918569112,0.6918569112,0.6918569112,0.6918569112,0.6918569112,0.691856913,0.6918569112,0.6918569112,0.6918569112,0.6918569112,0.6918569112,0.6918569112,0.6918569112,0.6918569112
22,6,7,0.6918569112,0.6918569112,100,BFGS,0.6918569112,0.6918569112,0.6918569112,0.691873559,0.6918569112,0.6918569112,0.6918569112,0.6918569112,0.6918569112,0.6918569112,0.6918569112,0.6918569112,0.6918569113,0.6918569112,0.6918569112,0.6918569112,0.6918569112,0.6918569112,0.6918569112,0.6918569112
22,6,8,0.5070350294,0.6918569112,100,BFGS,0.6918569112,0.6918569112,0.6918569112,0.6918569112,0.6918569112,0.6918624461,0.5070350294,0.6918569112,0.6918569112,0.6918569112,0.6918569112,0.6918569124,0.6918569112,0.6918569112,0.6918569112,0.6918569112,0.6918569112,0.6918569112,0.6918569112,0.6918569112
22,6,9,0.6918569112,0.6918569112,100,BFGS,0.6918569112,0.6918569112,0.6918569112,0.6918569112,0.6918569112,0.6918569112,0.6918569112,0.6918569112,0.6918569112,0.6918569112,0.6918569112,0.6918569112,0.6918569149,0.691856912,0.6918569116,0.6918569112,0.6918569112,0.6918569112,0.6918569112,0.6918569112
22,6,10,0.6918569112,0.6918569112,100,Non-elitist,0.6918569112,0.6918569112,0.6918569112,0.6918569112,0.6918569112,0.6918569112,0.6918569112,0.6918569112,0.6918569112,0.6918569112,0.6918569112,0.6918569112,0.6918569112,0.6918569113,0.6918569112,0.6918569112,0.6918569112,0.6918569112,0.6918569112,0.6918569112
22,6,11,0.439683016,0.6918569112,50,Non-elitist,0.6918569112,0.6918604447,0.6919154762,0.6918591226,0.6918569112,0.6918569112,0.6918779401,0.6918569112,0.6918569112,0.6918569112,0.6918569554,0.6918569112,0.6918569112,0.6918569112,0.6918569123,0.6918569112,0.6918569112,0.6918569112,0.6918569112,0.6918569112
22,6,12,0.0163733081,0.6918569112,100,BFGS,0.6918569112,0.6918569112,0.6918569112,0.6918610254,0.6918569112,0.6918569112,0.6918569112,0.6918569112,0.691856926,0.6918569112,0.6918569112,0.6918569145,0.6918569116,0.6918569113,0.6918569112,0.6918569112,0.6918569112,0.6918569112,0.6918569112,0.6918569112
22,6,13,0.622560675,0.6918569112,100,Non-elitist,0.6918569112,0.6918569112,0.6918569112,0.6918569115,0.6918569112,0.6918569112,0.6918569112,0.6918569112,0.6918569112,0.6918569112,0.6918569112,0.6918569376,0.6918569112,0.6918569112,0.691856912,0.6918569113,0.6918569112,0.6918569112,0.6918569112,0.6918569112
22,6,14,0.6918569112,0.6918569113,100,DE,5.0627374565,0.6918569113,5.0627374565,0.6918569113,5.0627374564,5.0627374565,5.0627374564,5.0627374564,5.0627374564,5.0627374565,5.0627374565,5.0627374567,5.0627473888,5.0627374565,5.0627374565,5.062737507,5.0627374565,5.0627374565,5.0627374565,5.0627374565
22,6,15,0.7992243744,7.2716291936,50,Non-elitist,7.2716291936,7.2716291936,7.2716291936,7.2716291936,7.2716291936,7.2716291936,7.2716291936,7.2716291953,7.2716291936,7.2716291936,7.2716291936,7.2716295587,7.2716291939,7.2716291936,7.2716291936,7.2716291936,7.2716291936,7.2716291936,7.2716291936,7.2716291936
22,6,16,0.0,7.69126e-05,50,PSO,7.69126e-05,0.0,5.04e-08,0.0,0.0,0.0,0.0,0.0,0.0,0.0,4.92e-08,0.0,0.0,0.0,0.0,0.0,0.0,0.0,0.0,0.0
22,6,17,0.7132618562,5.0627374564,50,Non-elitist,5.0627374564,5.0627374564,5.0627374564,5.0627374564,5.0627374564,5.0627374564,5.0627374564,5.0627374564,5.0627374564,5.0627374564,5.0627374564,5.0627374564,5.0627374585,5.0627374584,5.0627374564,5.0627374567,5.0627374565,5.0627374564,5.0627374564,5.0627374564
22,6,18,1.5403703265,5.0627858866,50,PSO,5.0627858866,5.0627374564,5.0627374564,5.0627374564,5.0627374564,5.0627374564,5.0627374564,5.0627374564,5.0627374564,5.0627374564,5.0627374564,5.0627374564,5.0627374576,5.0627374564,5.0627374564,5.0627374564,5.0627374564,5.0627374564,5.0627374564,5.0627374564
22,6,19,0.0511231908,5.0627374564,50,Elitist,5.0627374564,5.0627507024,5.0627374564,5.0627374564,5.0627374564,5.0627374564,5.0627374564,5.0627374564,5.0627374564,5.0627374564,5.0627374564,5.0627374564,5.0627374702,5.0627374607,5.0627374579,5.0627374568,5.0627374565,5.0627374564,5.0627374564,5.0627374564
22,7,0,0.1919755787,23.59722717,50,Non-elitist,23.59722717,11.1256184504,11.1256184504,11.125618508,11.1256184504,11.1256184504,11.1256185295,11.1256184504,11.1256184504,11.1256184504,12.0187456357,11.1256184504,11.1256184505,11.5395366909,11.1257842653,14.030427358,19.9542700786,20.7433908058,22.4049419391,23.59722717
22,7,1,0.1337249033,0.6918569118,50,DE,0.6918569118,0.6918569112,2.5905477301,2.5905477301,2.5905477301,2.5909813842,2.590592526,2.5905477301,2.5905477301,2.5905477301,2.5905480978,2.5905477609,2.5905477301,2.5905477325,2.5905477305,2.5905477303,2.5905477301,2.5905477301,2.5905477301,2.5905477301
22,7,2,0.0591096451,5.8735721646,50,DE,5.8735721646,5.0627374564,5.0627374565,5.0627374565,5.0627374572,5.0627374565,5.0627374565,5.0627374564,5.0627374565,5.0642480162,5.0627374569,5.0629430585,5.0627374564,5.0627420349,5.0627408628,5.0627374564,5.0627374566,5.0627374565,5.0627374572,5.0627374565
22,7,3,0.0,0.003518476,50,PSO,0.003518476,4.89e-08,0.0,0.0,0.0,0.0,0.0,0.0,1.7836e-06,0.0,0.0,9.195e-07,0.0,1.3e-09,0.0,0.0,0.0,0.0,0.0,0.0
22,7,4,2.0325013058,8.7427505321,100,BFGS,8.7427505321,8.7427505321,8.7427505321,8.7427505321,8.7427505321,8.7427505321,8.7427505321,8.7427505321,8.7427505321,8.7427505321,8.7427510539,8.7427505785,8.7427505424,8.7427505402,8.7427505336,8.7427505323,8.7427505321,8.7427505321,8.7427505321,8.7427505321
22,7,5,0.5047687895,2.5905477305,100,Non-elitist,2.5905477305,2.5905477305,2.5905477301,2.5905477305,2.5905477305,2.5905477305,2.5905477305,2.5905477301,2.5905477301,2.5905477305,2.5905477305,2.5905477305,2.5905477356,2.5905478019,2.5905477301,2.5905478821,2.5905477302,2.5905477321,2.5905477315,2.5905477305
22,7,6,0.3604771821,8.7427505321,50,Elitist,8.7427505321,8.7427505321,8.7427740589,8.7427505321,6.7727987851,5.4405958186,6.7727987851,8.7427505327,8.742750534,8.7427506054,8.7427505352,8.7427505358,8.7427505343,8.7427505322,8.7427505322,8.7427505321,8.7427505321,8.7427505321,8.7427505321,8.7427505321
22,7,7,0.0,0.0,50,Non-elitist,0.0,0.0,0.0,0.0,0.0,0.0,0.0,0.0,0.0,0.0,4e-10,0.0,0.0,0.0,0.0,0.0,0.0,0.0,0.0,0.0
22,7,8,0.101328834,7.2716291936,50,Non-elitist,7.2716291936,7.2716291936,7.2716291953,7.2716291936,7.2716291936,7.2716291936,7.2716291936,7.2716291936,7.2716291936,7.2716291936,7.2716291936,7.2716291936,7.2716291936,7.2716291936,7.2716291938,7.2716291937,7.2716291936,7.2716291936,7.2716291936,7.2716291936
22,7,9,0.0,0.0,50,Non-elitist,0.0,3.3e-09,0.0,2.6e-09,0.0,0.0,0.0,0.0,6.6036e-06,0.0,0.0,3e-09,0.0,0.0,0.0,0.0,0.0,0.0,0.0,0.0
22,7,10,0.6918569112,0.6918569112,100,BFGS,0.8652120849,0.6918569112,0.6918569406,0.9758417162,0.6918569406,0.6918569406,0.6944719044,0.6918569406,0.6979119745,0.6937538232,0.6918569406,0.6943115971,0.6918569151,0.6921818854,0.6918569154,0.6918753586,0.6918569188,0.6918575588,0.691857016,0.6918569406
22,7,11,0.6918569112,0.6918569112,100,BFGS,0.7650136006,0.6918569112,2.5905477301,2.5905477301,2.5905477301,2.5905477301,2.5905477301,2.5905477301,2.5905626433,2.5906056873,2.590553364,2.5905478099,2.5905479649,2.5905477314,2.5905477301,2.5905477306,2.5905477303,2.5905477301,2.5905477301,2.5905477301
22,7,12,0.4665665182,2.5905477301,100,BFGS,0.6918569112,2.5905477301,2.5905477301,2.5905477301,2.5905477301,2.5905477301,2.5905477301,2.5905477302,2.5905477325,2.590547731,2.5905477301,2.5905477301,2.5905477873,2.5905477301,2.5905477302,2.5905477318,2.5905477301,2.5905477301,2.5905477301,2.5905477301
22,7,13,0.1478086159,21.7794619965,100,BFGS,21.7794619965,21.7794619965,21.7794785529,21.7794619965,21.7794619965,21.7794619965,21.7794619965,21.7794619965,21.7794619965,21.7794619965,21.7794619982,21.7794619965,21.7794619994,21.7794619965,21.7794619965,21.7794619965,21.7794619965,3.9991243957,21.7794619965,21.7794619965
22,7,14,0.0233910879,8.7427505322,50,DE,8.7427505322,8.7427505321,8.7427505321,8.7427505321,8.7427505321,8.7427505321,8.7427505321,8.7427505321,8.7427505321,8.7427505321,8.7427505498,8.7427506226,8.7427505321,8.7427505321,8.7427505321,8.7427505321,8.7427505321,8.7427505321,8.7427505321,8.7427505321
22,7,15,0.0,7.3287e-06,50,DE,7.3287e-06,0.0,4.83e-08,0.0,0.0,0.0,1.17e-08,8.29369e-05,5.42507e-05,0.0,0.0,0.0,0.0,8.2e-09,1e-10,0.0,0.0,0.0,0.0,0.0
22,7,16,3e-10,2.89e-08,50,DE,2.89e-08,2.21044e-05,2.74796e-05,1.6207e-06,6.7597892991,6.7597892991,6.7597892991,3.94e-08,2.6485e-05,3.66474e-05,3.77256e-05,7.0379e-06,0.0181762073,0.0547382929,0.1428204716,0.0201775996,2.1327389349,0.5238099378,2.065695369,6.7597892991
22,7,17,6.9611715775,7.2716291936,50,Non-elitist,7.2716291936,7.2716291936,7.2716291943,7.2716291936,7.2716291936,7.2716291936,7.2716291936,7.2716459849,7.2716425518,7.2716291936,7.2716302654,7.2716291936,7.271629215,7.2716291936,7.2716291954,7.2716291936,7.271629194,7.2716291937,7.2716291936,7.2716291936
22,7,18,0.6918569119,2.5905750478,50,PSO,2.5905750478,2.5905477301,2.5905477301,2.5905477301,2.5905477301,2.5905477301,2.5905477301,2.5905477301,2.5905477301,2.5905477301,2.5905477301,2.5905477301,2.5905477301,2.5905477301,2.590547739,2.5905477323,2.5905477301,2.1394036585,2.5905477301,2.5905477301
22,7,19,0.0,0.0,100,Non-elitist,3.7959e-06,0.0,1.1e-09,0.0,0.0,0.0,0.0,0.0,1.003e-07,0.0,1.21e-08,2.7e-09,0.0,0.0,0.0,0.0,0.0,0.0,0.0,0.0
23,6,0,0.179627284,0.730046752,700,Elitist,1.1362856143,1.7805409831,1.7805409831,1.7805409831,1.7805409831,1.7805409831,1.7805409831,1.7805409831,1.7805409831,1.7805409831,1.7805409831,1.1325733665,1.4787221428,0.730046752,1.7805409831,1.419899799,0.8651594639,1.2626309228,1.6003738919,1.7805409831
23,6,1,0.0816284307,0.0816284307,600,Elitist,1.8175139604,1.4304418919,1.4304418919,1.4304418919,1.4304418919,1.4304418919,0.2582794354,1.4304418919,1.4304418919,1.2882182654,1.4304418919,0.0816284307,1.4304418919,1.3662203104,1.3671965545,1.422528492,1.4304418919,1.3841347762,1.4304418919,1.4304418919
23,6,2,0.1689067243,1.6776806807,750,BFGS,1.7374823445,2.149053191,1.7374823445,1.7374823445,1.7374823445,0.6138042376,1.2675838662,1.7374823445,1.1174823405,1.7374823445,0.5183004957,2.1469069487,1.3635378208,0.5310053574,1.6776806807,2.0908434356,2.087427081,2.0881309504,0.5972527444,1.7374823445
23,6,3,0.0898803753,3.0384932997,650,BFGS,2.4275544043,1.3866319094,2.4275544043,2.4275544043,2.4275544043,1.6324002211,1.7517289826,2.4275544043,0.0962198348,0.4375555339,3.8552619629,1.3493894257,3.0384932997,2.3275339204,2.9495429542,3.4639183197,3.0189963527,3.0415073303,2.0760567562,2.4275544043
23,6,4,0.2944852288,2.5272589411,600,Elitist,1.3530210033,1.3530210033,1.3530210033,1.3530210033,1.3530210033,1.3530210033,1.3530210033,1.3530210033,1.3530210033,1.3530210033,1.3530210033,2.5272589411,1.9252446535,1.3530210033,1.2804128458,1.2803270544,1.2797432278,1.2789539226,1.2850712294,1.3530210033
23,6,5,0.2775666567,2.0623433224,600,Elitist,1.8845761613,0.7270020671,1.8845761613,1.8845761613,1.558169263,0.9811543646,1.8845761613,1.8845761613,1.8845761613,1.7087576546,2.0623433224,2.0623433224,1.7213925237,0.2775666567,1.6823049021,1.7942133983,1.4433001074,1.6612895401,1.8330317126,1.8845761613
23,6,6,0.7253501451,1.2282332814,550,Elitist,1.3982346184,1.3982346184,1.3982346184,1.3982346184,1.3982346184,2.7862210709,1.3982346184,1.3982346184,1.3982346184,1.3982346184,1.2282332814,1.3982346184,1.3982346184,1.4423832665,1.3963699269,1.3946089517,1.3942753331,1.3982346184,1.3982346184,1.3982346184
23,6,7,0.1432577568,1.810147057,650,Non-elitist,1.810147057,1.810147057,1.810147057,1.810147057,1.810147057,1.810147057,1.810147057,1.810147057,1.3650599728,1.810147057,1.1132566132,1.810147057,1.810147057,0.636277857,0.6919181633,1.1599529954,1.396225551,1.3357657292,1.2820355946,1.810147057
23,6,8,0.2065760294,0.8391899271,650,BFGS,1.9551646428,1.9551646428,1.9551646428,1.9551646428,1.9551646428,1.9551646428,1.0908645126,1.9551646428,3.2617501585,1.9551646428,1.9551646428,0.6732969007,0.8391899271,1.9551646428,0.8261161049,1.6577164186,1.5840601371,1.44125108,1.6959673667,1.9551646428
23,6,9,0.0289184743,1.0016620158,600,Elitist,0.1443951497,0.1443951497,0.1443951497,0.1443951497,0.1443951497,0.1443951497,0.1443951497,0.1443951497,0.1443951497,0.1443951497,0.7062396525,1.0016620158,0.1443951497,2.1139573873,0.1443951497,0.1443951497,0.3222159152,0.2768234003,0.2357422624,0.1443951497
23,6,10,0.5093266597,1.1553639491,750,BFGS,1.2191084002,0.7691138009,1.2191084002,1.2191084002,1.2191084002,1.2191084002,1.2191084002,1.2191084002,1.2191084002,1.2191084002,1.2191084002,1.2191084002,1.0229959779,1.2191084002,1.1553639491,1.1572024795,1.1530979539,1.153394152,1.1640572231,1.2191084002
23,6,11,0.4129223259,2.931193105,600,Elitist,1.9140527109,1.1508913826,1.9140527109,0.6983047435,1.5573055482,2.931193105,2.6159419642,1.8830185858,1.9140527109,1.6942975106,1.3880835003,2.931193105,2.5515076029,2.931193105,1.9218783117,2.095413123,1.6061315273,1.7738046859,1.7645876756,1.9140527109
23,6,12,0.0776919185,1.8558897447,650,BFGS,1.2193820116,2.9654639501,2.9654639501,2.9654639501,2.9654639501,3.1439413836,2.9654639501,2.9654639501,1.9630240393,1.7945729152,3.0418208645,0.71166285,1.8558897447,2.8636211001,2.3666448583,1.5605653711,1.7762232752,2.5368084899,2.7455395968,2.9654639501
23,6,13,0.2444463573,1.6805495531,750,BFGS,1.9496926654,1.8729945512,1.7101635329,1.7101635329,1.7101635329,2.394891203,1.7101635329,1.7101635329,1.7101635329,1.7101019155,1.7101635329,0.4527842391,1.7053772975,0.2444463573,1.6805495531,1.7099441487,1.7099841751,1.7100972889,1.7101635329,1.7101635329
23,6,14,0.3403180816,1.6563440413,650,Non-elitist,1.6563440413,1.0359838558,1.6563440413,1.6563440413,1.6563440413,1.6563440413,1.6563440413,1.6563440413,1.6563440413,1.6563440413,1.6563440413,1.6563440413,1.6563440413,0.3403180816,1.1942160894,1.9119943925,1.5134037688,2.7772824874,1.7657663987,1.6563440413
23,6,15,0.3938935055,2.5424769899,600,Non-elitist,2.5424769899,2.5424769899,2.5424769899,2.5424769899,2.0530763401,3.607505295,2.5424769899,2.5424769899,1.9781772311,1.5266513774,3.161294576,2.5424769899,2.5424769899,3.161294576,2.5424769899,1.4531575216,1.2846375211,1.0976378752,1.6094359297,2.5424769899
23,6,16,0.1349272345,1.5701084013,600,BFGS,1.327511696,1.327511696,1.327511696,1.327511696,1.8853735355,2.2437754537,1.327511696,1.327511696,2.3445075409,1.327511696,1.204011544,1.5701084013,1.8315717423,0.1349272345,1.5776936283,1.3702949004,1.2800076202,1.5342085041,1.6355081581,1.327511696
23,6,17,0.5612834346,2.2479129549,650,BFGS,2.2479155902,2.2479155902,2.2479155902,2.2479155902,1.6692670357,2.2479155902,0.7529003834,1.9085315517,1.1096100243,2.2479129549,2.2479129549,2.2479155902,2.2479129549,2.2479129549,2.2479129549,2.2479129549,2.166839246,2.2479129549,2.2479129549,2.2479155902
23,6,18,0.4900065352,1.3933096543,600,BFGS,2.0411189132,0.6831568187,2.0411189132,1.5277230584,2.0411189132,2.0411189132,1.2867806501,2.0411189132,1.3126291365,2.03747578,1.9758780744,1.3933096543,0.4900065352,0.7663542693,1.841357216,1.0415547725,2.0404839207,2.0410958118,2.0411124946,2.0411189132
23,6,19,0.4267928896,1.3395005406,650,BFGS,0.777844647,1.3395114047,1.3395114047,1.3395114047,1.3395114047,2.0981246397,1.3395114047,1.3395114047,1.3395114047,1.3395114047,1.5759871249,1.3395005406,1.3395005406,1.3395005406,1.3395005406,1.3395005406,1.3395005406,1.3395005406,1.3395005406,1.3395114047
23,7,0,0.2098516368,2.2311504063,600,DE,2.2311504063,2.2311504063,2.2311504063,2.2311504063,2.2311504063,2.2311504063,2.2311504063,1.0190134406,2.2311504063,1.1729011641,2.2311504063,2.2311504063,1.2823517025,1.8794908026,0.615292423,2.2311504063,1.3334015682,0.7966463473,1.3757746953,2.2311504063
23,7,1,0.3250153797,1.6715035496,100,DE,2.3235058044,1.6715035496,2.1141241893,1.5814909478,2.3235058044,2.8636697056,2.4730759745,1.8719485413,1.8782889929,2.3235058044,2.3235058044,1.8433847992,2.1284157993,2.0978665944,0.7182868938,0.5247663172,0.5790730176,1.018800727,0.9914642445,2.3235058044
23,7,2,0.2249725767,1.3281117638,650,BFGS,2.507336073,2.507336073,2.5457495881,0.3872594391,2.507336073,2.507336073,2.507336073,2.507336073,0.5236667174,2.507336073,2.507336073,2.507336073,1.3281117638,1.6694973001,1.6372340798,1.2813135486,1.4570255412,1.3636093905,1.9357325093,2.507336073
23,7,3,0.207673359,0.8547564175,600,Non-elitist,2.9022238847,0.8547564175,0.8547564175,0.8547564175,0.8547564175,0.8547564175,0.8547564175,0.8547564175,0.8547564175,0.8547564175,0.8547564175,0.8547564175,0.7217550206,0.8547564175,0.8547564175,0.8547564175,0.8547564175,0.5867432995,0.6231877979,0.8547564175
23,7,4,0.4456763723,2.6817867125,650,Elitist,2.6817867125,2.6817867125,1.0618932556,2.065878283,2.6817867125,2.6817867125,2.6817867125,2.6817867125,2.6817867125,2.1450294905,2.6817867125,1.1146735727,2.6817867125,2.2043527092,0.4898201934,0.892786374,0.9636035243,1.4817779878,0.9181562757,2.6817867125
23,7,5,0.1896985572,1.6442211471,600,BFGS,0.4724297085,0.4724297085,0.4724297085,1.9097465904,1.2868400819,0.2804446722,0.4724297085,0.4724297085,2.191806894,1.3627906777,2.9960096491,1.6442211471,1.4821247555,1.4641696788,0.4967074273,1.4235312594,0.7937806176,1.8011408784,0.7831766535,0.4724297085
23,7,6,0.3645506755,2.6383252423,600,BFGS,2.0090084816,2.0090084816,2.0090084816,1.0171021549,2.0090084816,2.0090084816,2.0090084816,2.0090084816,2.0090084816,2.0090084816,2.346669475,2.6383252423,2.0090084816,2.0090084816,2.0090084816,2.0090084816,2.0090084816,2.0165040206,2.018364913,2.0090084816
23,7,7,0.0845153403,1.9452268389,600,BFGS,0.3070011253,2.5606465466,3.2287292548,2.1328728973,0.3070011253,0.3070011253,0.3070011253,2.0194013574,0.3070011253,0.3070011253,0.3070011253,1.9452268389,0.3070011253,2.0474771367,0.3070011253,0.6454151336,0.3070011253,0.3070011253,0.3070011253,0.3070011253
23,7,8,0.273115829,0.273115829,600,Elitist,1.6932142446,1.6932142446,1.6932142446,2.6659106352,1.6932142446,1.6932142446,0.8930724255,1.8384241495,0.8145381095,1.5282081644,0.684106464,0.273115829,1.6932142446,1.6932142446,1.6932142446,1.0495107095,0.3839623082,1.4995679246,1.5681029243,1.6932142446
23,7,9,0.1307458425,1.1884188632,600,DE,1.3937300947,1.3937300947,1.7306240084,2.0251970597,1.3937300947,1.3937300947,1.3937300947,1.7896343685,1.3937300947,0.3599455323,1.3937300947,1.1884188632,0.2179286111,1.3937300947,1.3937300947,0.2936746273,0.406944038,0.7392231598,0.4342447717,1.3937300947
23,7,10,0.1735200416,0.2396720124,600,BFGS,1.3634479803,1.0900577636,2.7064314651,2.2560458742,1.3634479803,1.3634479803,1.3634479803,1.3634479803,1.3634479803,1.3634479803,1.3634479803,0.2396720124,1.3634479803,1.3634479803,0.8051198282,0.5731016426,1.3542673503,1.1697709057,1.363437783,1.3634479803
23,7,11,0.2740492651,2.3884080069,50,Non-elitist,2.3884080069,2.3884080069,2.3884080069,1.7717002949,2.3884080069,2.8743837721,0.6982072399,1.0642078739,2.332244114,2.3884080069,2.3884080069,2.3884080069,2.3884080069,2.3884080069,1.3944801672,0.9079465122,1.2748482864,1.4846214896,1.4077661442,2.3884080069
23,7,12,0.2800364276,0.4780824624,650,Elitist,1.0151526082,1.0151526082,1.0151526082,1.0151526082,1.0151526082,1.4736114462,1.4874678024,1.4874678024,0.7315630111,1.0151526082,1.0151526082,1.4874678024,0.4780824624,1.4874678024,1.4874678024,1.4874626285,1.4874626285,1.4874626285,1.0504526383,1.0151526082
23,7,13,0.1706620902,1.803366246,600,BFGS,0.9528541252,0.9528541252,0.9528541252,1.1353782394,0.9528541252,0.9528541252,0.9528541252,0.9528541252,0.9528541252,0.9528541252,0.9528541252,1.803366246,0.6623088988,0.8413398406,1.3626378045,1.606274245,1.0502459815,1.0521488285,1.1016530937,0.9528541252
23,7,14,0.2147935029,2.5729167165,650,DE,2.096573711,2.096573711,2.096573711,1.1299720253,2.096573711,1.6745753606,2.096573711,2.096573711,2.096573711,2.096573711,2.4313950642,1.8254697832,2.5729167165,2.5729167165,2.5729167165,0.8119792148,2.0309388062,2.0373973636,2.096573711,2.096573711
23,7,15,0.1906995847,1.284403356,650,BFGS,2.9784827409,1.5369738257,1.5369738257,1.2157031648,1.5369738257,1.5369738257,0.8068725725,1.3289100559,1.5369738257,1.5369738257,1.1873952751,1.4945587166,1.284403356,1.5369738257,1.5369738257,1.2728197891,1.2749210426,1.2754055507,1.4663352709,1.5369738257
23,7,16,0.1651084083,1.6838304115,50,Non-elitist,1.6838304115,1.6838304115,1.6838304115,0.4290880178,1.6838304115,2.3036608758,2.0085721611,2.3036608758,2.3036608758,1.6838304115,1.9873582309,2.3036608758,1.4035060279,2.2360901514,1.5826495451,0.5364472125,1.4134602083,1.6678969283,1.6838304115,1.6838304115
23,7,17,0.3279646558,2.1321076024,650,Elitist,2.1466308687,1.2822657636,2.6264121212,1.8617935862,2.1466308687,2.1466308687,2.1466308687,2.4725967187,1.5269647664,0.6762394127,2.1466308687,1.7562338269,2.1321076024,0.5514657022,2.1466308687,2.1466308687,1.8840722876,1.7127700552,1.781989368,2.1466308687
23,7,18,0.177662041,0.741069087,600,BFGS,0.9113945908,0.9113945908,0.9113945908,1.5435961779,0.9113945908,0.9113945908,0.9113945908,0.9113945908,0.2769184386,0.6805205678,0.5683181528,0.741069087,0.6539948404,0.9113945908,0.9113945908,0.3469139551,0.4098471326,0.4632026278,0.4665553417,0.9113945908
23,7,19,0.2410098769,2.1333862407,600,DE,2.3435340415,2.3435340415,2.6405884783,2.6405884783,2.3435340415,2.6405884783,1.3678737492,2.6405884783,2.5459590248,1.1040654092,2.3435340415,2.1333862407,2.3435340415,0.5684284598,0.2410098769,1.4648176281,1.1661028357,1.558409633,1.7372657141,2.3435340415
24,6,0,2.2436993914,2.2436993915,350,BFGS,5.7483687788,5.7483687788,7.3622082527,5.7483687788,2.2436993915,2.2436993914,2.2436993915,2.2436993915,3.0681234142,2.2436993915,2.2436993915,2.2436993915,5.7483687788,5.7478956767,5.7478956767,5.7483687788,5.7478956766,5.7478956766,5.7533892921,5.7483687788
24,6,1,2.1158872068,2.3632699117,350,BFGS,3.3289786351,3.3289786351,3.6103886972,3.3289786351,2.7064300143,2.7064300143,2.3632699117,2.1158872068,2.4249520211,3.3288912186,3.3288920808,3.3289786351,3.3288912186,3.3289786351,3.3288973547,3.3289900174,3.3288912186,3.3288912186,3.3292854113,3.3289786351
24,6,2,5.1823500407,5.1823500408,350,BFGS,13.1436271884,13.1436271884,13.1436271884,13.1436271884,7.2318368981,5.1823500408,5.1823500408,5.1823500408,7.2881241576,5.1823500408,5.1823500408,7.0573797186,7.0573797186,7.0573797186,7.0573797186,7.0573797186,7.0573797186,7.0573797186,11.96546547,13.1436271884
24,6,3,0.9515446558,5.3354204209,450,BFGS,1.6607544689,10.35857573,1.6607544689,8.8081072238,5.335420421,5.335420421,5.335420421,5.335420421,5.3354204209,3.193130086,1.5893576626,1.5893576626,1.5893576627,1.6628759907,1.6442007462,1.6607544689,1.6442007462,1.6442007462,1.6442091258,1.6607544689
24,6,4,6.809551313,22.6743881879,450,BFGS,20.0275317067,22.6743881879,20.0275317067,20.0275317067,25.9681437985,20.0275317067,22.674388188,22.674388188,22.6743881879,22.674388188,22.6743881879,22.6743881879,20.9946283104,20.9946283104,20.9946283104,20.9946283104,20.9946283104,20.9946283104,21.5556781587,20.0275317067
24,6,5,6.0761402472,6.0761402472,400,BFGS,15.7794822108,15.7794822108,15.7794822108,6.0761402472,15.7794822108,6.0761402472,6.0761402472,6.0761402472,6.0761402472,6.0761402472,6.0761402472,6.0761402472,6.0761402472,6.0761402472,6.0761402472,6.0761402472,6.0761402472,6.0761402472,7.9076160166,15.7794822108
24,6,6,2.788504166,5.8553714043,400,BFGS,5.8562558579,8.7266729636,5.8562558579,5.5713874819,5.571387482,5.571387482,5.8553714043,5.8553714043,5.8553714043,5.8553714043,5.8553714043,5.8553714043,5.8553714043,5.8553714043,5.8553714043,5.8553714043,5.8553714043,5.8553714043,5.8562558579,5.8562558579
24,6,7,6.6017093095,7.9322848727,400,BFGS,11.3366445241,10.4722256464,11.3366445241,6.8565777946,11.3366445241,11.3366445241,7.9322848727,7.9322848727,7.9322848727,7.9322848727,7.9322848727,7.9322848727,7.9322848727,7.9322848727,7.9322848727,7.9322848727,7.9322848727,7.9322848727,9.124140506,11.3366445241
24,6,8,8.8629774167,8.8629774167,300,BFGS,10.8277354978,10.8277354978,10.8277354978,8.8629774168,8.8629774168,8.8629774167,8.8629774168,8.8629774168,8.8629774168,8.8629774168,8.8629774168,11.3341248623,11.3341248623,11.3341248623,11.3341248623,10.6481694484,11.7329999952,10.8277354978,10.8277354978,10.8277354978
24,6,9,7.3308792234,9.9938235866,250,BFGS,12.6857948451,12.3949420575,12.6857948451,9.9938235866,9.9938235866,9.9938235866,9.9938235866,9.9938235866,9.9938235866,9.9938235865,9.9938235865,9.9938235865,9.9938235866,12.6706532306,12.6723838153,12.6857948451,12.6874062204,12.6857948451,12.6675237974,12.6857948451
24,6,10,6.8620913185,11.0237665139,350,BFGS,19.6371748543,22.0998125182,20.4739270116,20.4739270116,11.0237665139,11.0237665139,11.0237665139,11.0237665139,11.0237665139,11.0237665139,11.0237665139,11.0237665139,15.6468837714,15.6468837714,15.6468837714,15.6468837714,15.6468837714,15.6468837714,16.7194317196,19.6371748543
24,6,11,4.5075797692,4.7807855892,400,BFGS,4.5089215596,4.5089215596,4.5089215596,4.5089215596,9.4856067763,9.4856067763,9.4856067763,4.7807855892,4.7807855892,4.5076017609,4.7807855892,4.7807855892,4.7807855892,4.7807855892,4.5075797692,4.5075797692,4.5075797692,4.5215577807,4.5087493504,4.5089215596
24,6,12,5.1480220532,6.9790129871,400,BFGS,7.9012041458,14.9772723811,7.9012041458,14.9772723811,7.9012041458,7.9012041458,7.9012041458,6.9790129871,6.9790129871,6.9790129871,6.9790129871,6.9790129871,6.9790129871,6.9790129871,6.9790129871,6.9790129871,6.9790129871,6.9790129871,6.4972098235,7.9012041458
24,6,13,7.2884723586,7.2884723586,350,BFGS,14.1634594276,14.1634594276,14.1634594276,14.1634594276,14.1634594276,14.1634594276,7.2884723586,7.9400292389,7.2884723586,7.2884723586,7.2884723586,9.0701247629,9.0701247629,9.0701247629,9.0701247629,9.0701247629,9.0701247629,9.0701247629,10.1184373413,14.1634594276
24,6,14,1.6982973261,2.5116908006,400,BFGS,6.125276182,6.125276182,6.125276182,6.125276182,6.125276182,4.5135682941,6.125276182,2.5116908006,2.5116908006,2.5116908006,2.5116908006,2.5116908006,2.5116908006,2.5116908006,2.5116908006,2.5116908006,2.5116908006,2.5116908006,2.8964187334,6.125276182
24,6,15,5.4593813619,15.7287233967,350,BFGS,20.4903792613,20.4903792613,8.3757624864,19.4164444565,15.7287233967,15.7287233967,15.7287233967,15.7287233967,15.7287233967,15.7287233967,15.7287233967,15.7287233967,15.7287233967,15.7287233967,15.7287233967,14.782725146,14.782725146,14.782725146,15.1667466155,20.4903792613
24,6,16,11.1030443732,13.3361883428,350,BFGS,14.5795414341,14.5795414341,14.5795414341,14.5795414341,15.2262140305,13.3361883428,13.3361883428,18.0131542319,11.1030443732,11.1030443732,11.1030443732,11.1030443732,11.1030443732,11.1030443732,11.1030443732,11.1030443732,11.1030443732,11.1030443732,12.2107661125,14.5795414341
24,6,17,8.9919616312,8.9919616312,350,BFGS,14.5065155883,14.5065155883,14.5065155883,14.5065155883,8.9919616312,8.9919616312,8.9919616312,8.9919616312,12.2272361209,12.2272361209,12.2272361209,12.2272361209,10.0043358571,12.2272361209,12.2272361209,12.2272361209,12.2272361209,12.2272361209,12.9598149364,14.5065155883
24,6,18,6.6801050354,13.371081365,300,BFGS,10.2385731354,10.2385731354,10.2385731354,13.371081365,13.371081365,13.371081365,8.0038720002,8.0038720002,10.4773480548,10.4773480548,10.4773480548,10.4773480548,10.4773480548,10.4773480548,10.4773480548,10.4773480548,6.6801050354,6.6801050354,7.2384460817,10.2385731354
24,6,19,3.0268105856,4.6865391875,450,Non-elitist,4.6865391875,4.6865391875,4.6865391875,4.6865391875,10.9395534834,10.8438449408,4.6865391875,4.6865391875,4.6865391875,3.9352580694,3.4191007592,3.4191007592,4.6865391875,6.3125121002,3.4191007592,5.2634720319,5.3000895658,4.6865391875,3.1005783116,4.6865391875
24,7,0,10.615556099,10.6155560991,400,BFGS,15.3207623571,15.3207623571,15.3207623571,19.1392657262,15.3207623571,15.3207623571,10.6155560991,10.6155560991,15.3207623571,10.6155560991,10.6155560991,10.615556099,10.6155560991,15.3207623571,15.3104166414,15.3207623571,15.3127859509,15.3104166414,15.3207623571,15.3207623571
24,7,1,3.9320476689,8.6510087584,350,BFGS,14.0831206827,14.0831206827,14.0831206827,31.2065136676,12.2913183868,9.2982380478,8.6510087584,8.6510087584,8.6510087584,8.6510087584,8.6510087584,8.6510087584,8.6510087584,8.6510087584,8.6510087584,8.6510087584,8.6510087584,8.6510087584,8.6558661963,14.0831206827
24,7,2,6.6263254086,9.0733533051,350,BFGS,14.6375512589,14.6375512589,9.0733533051,9.0733533051,14.6375512589,9.0733533051,9.0733533051,9.0733533051,9.0733533051,9.0733533051,9.0733533051,9.0733533051,9.0733533051,9.0733533051,9.0733533051,9.0733533051,9.0733533051,9.0733533051,10.2343337496,14.6375512589
24,7,3,7.0666343894,8.2832431382,400,Non-elitist,8.2832431382,8.2832431382,12.4506243862,7.1717689033,8.2832431382,8.2832431382,8.2832431382,8.2832431382,8.6206315645,8.6206315645,8.6206315644,8.6206315645,7.4693882716,8.2829947579,8.2829947579,8.2894941949,8.2843615651,8.2829947579,8.2836087236,8.2832431382
24,7,4,5.8496234879,5.9396741331,450,Non-elitist,5.9396741331,5.9396741331,5.9396741331,5.9396741331,5.9396741331,5.9396741331,5.983237343,5.9396741331,5.9396741331,5.9377973938,5.983237343,5.937765243,5.9381048996,5.9377537614,5.9378324379,5.9377537615,5.9396741331,5.9377537615,5.9427244565,5.9396741331
24,7,5,5.5092603328,8.0286005415,350,BFGS,10.279416166,10.279416166,10.279416166,8.0286005415,8.0286005415,8.0286005415,8.0286005415,8.0286005415,16.2293838614,8.0286005415,8.0286005415,5.8053088692,5.7990497539,5.7990497539,5.7990497539,5.7990497539,5.7990497539,5.799049754,6.6469635151,10.279416166
24,7,6,6.4940652142,12.1061181622,350,BFGS,12.8587087624,12.8587087624,12.8587087624,12.1061181623,12.1061181623,12.8587087624,12.1061181622,12.1061181623,12.1061181623,12.1061181623,12.1061181623,12.1061181623,12.859177849,12.8583505381,12.8583505381,12.8587087624,12.8620409803,12.8583505381,12.8587087624,12.8587087624
24,7,7,2.2956869506,3.3453137422,350,BFGS,3.2845377615,3.2845377615,3.2845377615,3.3453137422,3.3453137422,3.3453137422,3.3453137422,3.3453137422,3.3453137422,2.4511154718,3.2840121928,3.2845377615,3.2840121928,3.2840121928,3.2840121928,3.2840121928,3.2840121928,3.2840121928,3.2845377615,3.2845377615
24,7,8,8.9655053976,14.9703773479,350,BFGS,18.3515264568,18.3515264568,18.3515264568,14.9703773479,14.9703773479,14.9703773479,14.9703773479,14.9703773479,14.9703773479,14.9703773479,18.7647081832,18.7647081832,18.7647081832,18.2251088011,18.2251088011,18.3515264568,18.2251088011,18.2251088011,18.2270092833,18.3515264568
24,7,9,9.9700006877,11.2384725361,350,BFGS,10.7136585066,10.7136585066,10.7136585066,11.2384725361,11.2384725361,11.2384725361,11.2384725361,11.2384725361,11.2384725361,11.2384725361,11.1164281355,11.1164281355,10.5311548937,10.7136585066,10.5311548937,11.353832354,10.5311548937,10.5311548937,10.7136585066,10.7136585066
24,7,10,7.4378188252,8.4430949154,350,BFGS,14.5782086297,14.5782086297,14.5782086297,14.5782086297,14.5782086297,8.4430949154,8.4430949154,8.4430949154,8.7382299508,8.4430949154,8.4430949154,8.4430949154,8.4430949154,8.4430949154,8.4430949154,8.4430949154,8.4430949154,8.4430949155,12.149372816,14.5782086297
24,7,11,6.9559359359,9.3775435225,350,BFGS,16.7448089546,16.7448089546,16.7448089546,9.3775435225,9.3775435225,9.3775435225,9.3775435225,9.3775435225,11.4949715194,16.7448089546,17.349876316,16.7448089546,9.3775435225,16.7448089546,9.3775435224,16.7448089546,16.7026317084,16.5962513688,16.7448089546,16.7448089546
24,7,12,5.7792753717,9.476561744,350,BFGS,6.1542407171,6.1542407171,6.1542407171,9.476561744,9.476561744,9.476561744,9.476561744,6.0851155162,6.0851155162,6.0851155162,6.0851155162,5.7792753717,6.0851155162,6.0851155162,6.0851155162,6.0851155162,6.0851155162,6.0851155162,6.0906476929,6.1542407171
24,7,13,7.8233438427,11.2276050647,350,BFGS,17.3491778887,17.3491778887,17.3491778887,17.3491778887,11.2276050647,11.1440442091,11.2276050647,15.8728173844,8.5322325265,8.5322325265,8.5322325264,8.5181576999,8.5181576998,8.5181576998,7.8411466859,7.8411466859,7.8411466859,7.8411466859,9.8737785389,17.3491778887
24,7,14,3.0419779031,12.7055138257,400,Non-elitist,12.7055138257,12.7055138257,12.7055138257,12.7055138257,3.0419779031,12.7055138257,12.7055138257,12.7055138257,5.4543610796,5.4543610796,5.4543610796,4.98837103,5.4543610796,5.4543610796,6.2699094813,6.2699094813,6.2699094813,6.2699094813,8.5101011015,12.7055138257
24,7,15,3.5255843902,6.6855679959,350,Non-elitist,6.6855679959,6.6855679959,6.6855679959,6.6855679959,6.6855679959,12.5507901361,6.6855679959,6.6855679959,6.6864668525,6.6855679959,6.9200392527,6.6855679959,6.7134114792,6.6855655094,6.6855655094,6.6858485332,6.6855679959,6.6855826626,6.68556551,6.6855679959
24,7,16,1.7437129388,2.297050992,300,BFGS,9.6372089738,7.479025913,12.3390522072,12.3390522072,1.8931731437,2.297050992,2.297050992,2.4572960609,2.5640028731,2.5640028731,2.5640028731,2.5640028731,2.5640028731,2.5640028731,2.5640028731,9.431639739,9.431639739,9.431639739,9.4352589418,9.6372089738
24,7,17,6.5858712342,6.5858712342,350,BFGS,28.0396709909,15.4939015722,9.4393995658,9.255032585,9.5409214389,9.5409214389,6.5858712342,6.5858712342,6.5858712342,6.5858712342,9.9936451075,9.9936451075,9.4380762553,10.012910534,9.4393995658,9.4393995658,9.4380762553,9.4380762553,9.4380762553,9.4393995658
24,7,18,6.617367347,9.5471797356,400,BFGS,7.4745995567,7.4745995567,10.1386339879,7.4745995567,8.9655207447,8.9655207447,9.5471797357,9.5471797356,9.5471797356,9.5471797357,9.5471797356,9.5471797356,9.5471797357,7.4727348819,7.4724658453,7.4724658453,7.4745995567,7.4724658453,7.4724959086,7.4745995567
24,7,19,1.6553702836,3.2830971509,400,BFGS,5.1298431318,5.1298431318,5.1298431318,5.1298431318,3.2830971509,5.1298431318,5.1298431318,3.2830971509,5.1298431318,5.1298431318,2.3633984396,12.6147070389,2.3633984396,2.6700084746,2.3633984396,3.1165296729,5.1298431318,3.1165296729,5.1298431318,5.1298431318
